0 0.29261363636363635 0.4120253164556962 0.11553030303030302 0.08227848101265822
0 0.5189393939393939 0.3056962025316456 0.10795454545454546 0.0620253164556962
0 0.3678977272727273 0.7373417721518988 0.07481060606060606 0.049367088607594936
0 0.28882575757575757 0.6227848101265823 0.045454545454545456 0.07088607594936709
0 0.4270833333333333 0.030379746835443037 0.03409090909090909 0.05569620253164557
0 0.4337121212121212 0.07911392405063292 0.10037878787878787 0.07468354430379746
0 0.4881628787878788 0.7259493670886076 0.050189393939393936 0.08227848101265822
0 0.4071969696969697 0.4651898734177215 0.07575757575757576 0.13544303797468354
0 0.3456439393939394 0.6563291139240506 0.058712121212121215 0.07215189873417721
0 0.3484848484848485 0.3721518987341772 0.041666666666666664 0.07341772151898734
0 0.5345643939393939 0.729746835443038 0.04071969696969697 0.07468354430379746
0 0.3626893939393939 0.1879746835443038 0.05303030303030303 0.14810126582278482
0 0.4720643939393939 0.35 0.13920454545454544 0.08227848101265822
0 0.3020833333333333 0.46139240506329116 0.10606060606060606 0.07468354430379746
0 0.27509469696969696 0.5417721518987342 0.08428030303030302 0.11645569620253164
0 0.328125 0.11265822784810127 0.050189393939393936 0.08860759493670886
0 0.2684659090909091 0.7075949367088608 0.0634469696969697 0.09113924050632911
0 0.38446969696969696 0.5550632911392405 0.03787878787878788 0.1759493670886076
0 0.2840909090909091 0.0810126582278481 0.041666666666666664 0.0759493670886076
0 0.3115530303030303 0.20063291139240505 0.04924242424242424 0.0949367088607595
0 0.2528409090909091 0.6132911392405064 0.03787878787878788 0.13544303797468354
0 0.31392045454545453 0.5189873417721519 0.06723484848484848 0.05822784810126582
0 0.5440340909090909 0.016455696202531647 0.035037878787878785 0.027848101265822784
0 0.3622159090909091 0.016455696202531647 0.05397727272727273 0.027848101265822784
0 0.39488636363636365 0.3 0.10606060606060606 0.0759493670886076
0 0.3371212121212121 0.5645569620253165 0.08143939393939394 0.1569620253164557
0 0.3143939393939394 0.05 0.09090909090909091 0.07721518987341772
0 0.31676136363636365 0.3240506329113924 0.06723484848484848 0.16455696202531644
0 0.26515151515151514 0.3348101265822785 0.05303030303030303 0.07974683544303797
0 0.3016098484848485 0.27848101265822783 0.061553030303030304 0.09873417721518987
0 0.39678030303030304 0.3810126582278481 0.058712121212121215 0.10126582278481013
0 0.2713068181818182 0.1879746835443038 0.038825757575757576 0.15316455696202533
0 0.39299242424242425 0.239873417721519 0.07007575757575757 0.09240506329113925
0 0.33759469696969696 0.7113924050632912 0.10132575757575757 0.08354430379746836
0 0.4962121212121212 0.10886075949367088 0.0625 0.1291139240506329
