0 0.3072916666666667 0.720253164556962 0.052083333333333336 0.07848101265822785
0 0.3660037878787879 0.09746835443037975 0.05397727272727273 0.0810126582278481
0 0.3783143939393939 0.6151898734177215 0.08617424242424243 0.07341772151898734
0 0.3626893939393939 0.6740506329113924 0.11931818181818182 0.05443037974683544
0 0.3475378787878788 0.44936708860759494 0.10227272727272728 0.053164556962025315
0 0.4460227272727273 0.5139240506329114 0.06439393939393939 0.14177215189873418
0 0.28172348484848486 0.6075949367088608 0.036931818181818184 0.14430379746835442
0 0.28551136363636365 0.4740506329113924 0.04071969696969697 0.12784810126582277
0 0.28125 0.3392405063291139 0.08522727272727272 0.0759493670886076
0 0.3181818181818182 0.39177215189873416 0.13257575757575757 0.05949367088607595
0 0.3650568181818182 0.7259493670886076 0.07102272727272728 0.05189873417721519
0 0.2599431818181818 0.6797468354430379 0.050189393939393936 0.1468354430379747
0 0.33570075757575757 0.5867088607594937 0.07481060606060606 0.11265822784810127
0 0.33049242424242425 0.07784810126582278 0.08901515151515152 0.14050632911392405
0 0.32007575757575757 0.529113924050633 0.041666666666666664 0.10379746835443038
0 0.2533143939393939 0.5227848101265823 0.03125 0.09873417721518987
0 0.3963068181818182 0.5436708860759494 0.050189393939393936 0.08987341772151898
0 0.4185606060606061 0.4531645569620253 0.04924242424242424 0.08607594936708861
