0 0.2727272727272727 0.739240506329114 0.045454545454545456 0.035443037974683546
0 0.4512310606060606 0.6215189873417721 0.10890151515151515 0.0759493670886076
0 0.3953598484848485 0.2588607594936709 0.050189393939393936 0.15569620253164557
0 0.4640151515151515 0.6911392405063291 0.10606060606060606 0.10126582278481013
0 0.3456439393939394 0.6867088607594937 0.10984848484848485 0.07721518987341772
0 0.3693181818181818 0.429746835443038 0.043560606060606064 0.19873417721518988
0 0.39488636363636365 0.5518987341772152 0.10984848484848485 0.05569620253164557
0 0.48863636363636365 0.31455696202531647 0.07007575757575757 0.10253164556962026
0 0.32859848484848486 0.46835443037974683 0.03598484848484849 0.1569620253164557
0 0.35700757575757575 0.320253164556962 0.043560606060606064 0.10886075949367088
0 0.28882575757575757 0.6025316455696202 0.11553030303030302 0.09620253164556962
0 0.2949810606060606 0.4582278481012658 0.048295454545454544 0.15949367088607594
0 0.3697916666666667 0.11075949367088607 0.04640151515151515 0.08734177215189873
0 0.328125 0.5778481012658228 0.08049242424242424 0.07721518987341772
0 0.31202651515151514 0.12025316455696203 0.048295454545454544 0.08607594936708861
0 0.28740530303030304 0.6879746835443038 0.09185606060606061 0.14050632911392405
0 0.5989583333333334 0.015189873417721518 0.016098484848484848 0.02531645569620253
0 0.33617424242424243 0.14873417721518986 0.03598484848484849 0.08987341772151898
0 0.3697916666666667 0.1759493670886076 0.029356060606060608 0.04556962025316456
0 0.25946969696969696 0.47468354430379744 0.045454545454545456 0.15949367088607594
0 0.421875 0.39177215189873416 0.04071969696969697 0.15316455696202533
0 0.4322916666666667 0.1240506329113924 0.050189393939393936 0.11139240506329114
