0 0.35179924242424243 0.19367088607594937 0.12026515151515152 0.09367088607594937
0 0.49763257575757575 0.13860759493670885 0.09564393939393939 0.1
0 0.5625 0.40443037974683543 0.03977272727272727 0.16329113924050634
0 0.3233901515151515 0.710126582278481 0.035037878787878785 0.09113924050632911
0 0.42045454545454547 0.10886075949367088 0.05303030303030303 0.12151898734177215
0 0.3664772727272727 0.006962025316455696 0.045454545454545456 0.008860759493670886
0 0.5307765151515151 0.4506329113924051 0.06723484848484848 0.14177215189873418
0 0.3721590909090909 0.05949367088607595 0.10984848484848485 0.060759493670886074
0 0.31676136363636365 0.11835443037974684 0.048295454545454544 0.07215189873417721
0 0.3716856060606061 0.14430379746835442 0.08238636363636363 0.11139240506329114
0 0.3328598484848485 0.0379746835443038 0.06723484848484848 0.05822784810126582
0 0.296875 0.6791139240506329 0.048295454545454544 0.0949367088607595
0 0.4228219696969697 0.6924050632911393 0.048295454545454544 0.11392405063291139
0 0.4739583333333333 0.31708860759493673 0.08996212121212122 0.05443037974683544
0 0.599905303030303 0.4518987341772152 0.04071969696969697 0.21012658227848102
0 0.3816287878787879 0.26772151898734176 0.11363636363636363 0.0620253164556962
0 0.3560606060606061 0.6727848101265823 0.04924242424242424 0.1
0 0.3626893939393939 0.7417721518987341 0.03409090909090909 0.04050632911392405
