0 0.31486742424242425 0.7075949367088608 0.036931818181818184 0.09873417721518987
0 0.37263257575757575 0.23291139240506328 0.08806818181818182 0.13164556962025317
0 0.47632575757575757 0.6025316455696202 0.03977272727272727 0.15443037974683543
0 0.40577651515151514 0.40253164556962023 0.05776515151515151 0.17974683544303796
0 0.34422348484848486 0.5658227848101266 0.09375 0.053164556962025315
0 0.2859848484848485 0.3759493670886076 0.045454545454545456 0.15949367088607594
0 0.45075757575757575 0.39367088607594936 0.07386363636363637 0.17974683544303796
0 0.296875 0.4962025316455696 0.029356060606060608 0.09113924050632911
0 0.4640151515151515 0.025949367088607594 0.09659090909090909 0.04683544303797468
0 0.29261363636363635 0.17468354430379746 0.08333333333333333 0.08354430379746836
0 0.3574810606060606 0.1468354430379747 0.04450757575757576 0.04556962025316456
0 0.2637310606060606 0.5056962025316456 0.052083333333333336 0.17848101265822786
0 0.3816287878787879 0.5006329113924051 0.04924242424242424 0.10506329113924051
0 0.2845643939393939 0.04430379746835443 0.036931818181818184 0.08354430379746836
0 0.3399621212121212 0.2518987341772152 0.07007575757575757 0.12151898734177215
0 0.2552083333333333 0.6056962025316456 0.05965909090909091 0.056962025316455694
0 0.3522727272727273 0.05063291139240506 0.03409090909090909 0.09620253164556962
0 0.6055871212121212 0.4911392405063291 0.12026515151515152 0.11645569620253164
0 0.3371212121212121 0.4651898734177215 0.05303030303030303 0.15316455696202533
0 0.3191287878787879 0.06835443037974684 0.03598484848484849 0.13164556962025317
0 0.31865530303030304 0.3227848101265823 0.09943181818181818 0.08607594936708861
0 0.31865530303030304 0.3829113924050633 0.038825757575757576 0.08227848101265822
0 0.5080492424242424 0.23291139240506328 0.050189393939393936 0.10379746835443038
0 0.4071969696969697 0.035443037974683546 0.026515151515151516 0.06582278481012659
0 0.41429924242424243 0.20189873417721518 0.06912878787878787 0.11012658227848102
0 0.3087121212121212 0.6316455696202532 0.125 0.06835443037974684
0 0.46732954545454547 0.13544303797468354 0.061553030303030304 0.08860759493670886
