0 0.3503787878787879 0.008860759493670886 0.02462121212121212 0.012658227848101266
0 0.2949810606060606 0.7196202531645569 0.04261363636363636 0.07721518987341772
0 0.4933712121212121 0.14746835443037976 0.07007575757575757 0.07974683544303797
0 0.3740530303030303 0.740506329113924 0.03598484848484849 0.04556962025316456
0 0.3868371212121212 0.08924050632911393 0.05397727272727273 0.16835443037974684
0 0.4881628787878788 0.4582278481012658 0.038825757575757576 0.15949367088607594
0 0.3787878787878788 0.20063291139240505 0.054924242424242424 0.09240506329113925
0 0.421875 0.4651898734177215 0.09564393939393939 0.11518987341772152
0 0.2869318181818182 0.0670886075949367 0.03787878787878788 0.1291139240506329
0 0.3214962121212121 0.036075949367088606 0.035037878787878785 0.0670886075949367
0 0.3508522727272727 0.36075949367088606 0.10890151515151515 0.09113924050632911
0 0.3915719696969697 0.6449367088607595 0.22443181818181818 0.1379746835443038
0 0.3664772727272727 0.04746835443037975 0.056818181818181816 0.05189873417721519
0 0.41240530303030304 0.5158227848101266 0.08617424242424243 0.12278481012658228
0 0.43513257575757575 0.40759493670886077 0.06912878787878787 0.06835443037974684
0 0.25236742424242425 0.5208860759493671 0.06534090909090909 0.20632911392405062
0 0.28361742424242425 0.4088607594936709 0.09753787878787878 0.10379746835443038
0 0.3333333333333333 0.6968354430379747 0.043560606060606064 0.12784810126582277
0 0.31676136363636365 0.5879746835443038 0.036931818181818184 0.08987341772151898
0 0.32575757575757575 0.3867088607594937 0.07575757575757576 0.08227848101265822
0 0.3697916666666667 0.28860759493670884 0.035037878787878785 0.10379746835443038
0 0.3077651515151515 0.25949367088607594 0.08522727272727272 0.12658227848101267
0 0.34375 0.11139240506329114 0.03977272727272727 0.10632911392405063
0 0.39488636363636365 0.6879746835443038 0.09659090909090909 0.07215189873417721
0 0.3584280303030303 0.5905063291139241 0.04071969696969697 0.16329113924050634
0 0.5506628787878788 0.04113924050632911 0.048295454545454544 0.07721518987341772
0 0.3366477272727273 0.19746835443037974 0.04640151515151515 0.09113924050632911
0 0.2571022727272727 0.6930379746835443 0.038825757575757576 0.11772151898734177
0 0.2935606060606061 0.14367088607594936 0.0625 0.12025316455696203
0 0.42424242424242425 0.35443037974683544 0.08522727272727272 0.0810126582278481
0 0.3470643939393939 0.479746835443038 0.07481060606060606 0.07848101265822785
0 0.28740530303030304 0.5284810126582279 0.05587121212121212 0.08227848101265822
0 0.546875 0.3905063291139241 0.06534090909090909 0.12531645569620253
0 0.390625 0.02341772151898734 0.035037878787878785 0.04177215189873418
0 0.5080492424242424 0.03670886075949367 0.036931818181818184 0.06835443037974684
0 0.2921401515151515 0.6424050632911392 0.036931818181818184 0.0949367088607595
0 0.2765151515151515 0.4708860759493671 0.07196969696969698 0.1240506329113924
0 0.568655303030303 0.07215189873417721 0.07102272727272728 0.10126582278481013
