0 0.540719696969697 0.4588607594936709 0.07007575757575757 0.0620253164556962
0 0.2997159090909091 0.7132911392405064 0.06534090909090909 0.08227848101265822
0 0.3612689393939394 0.006329113924050633 0.021780303030303032 0.010126582278481013
0 0.3106060606060606 0.33860759493670883 0.06439393939393939 0.1759493670886076
0 0.4474431818181818 0.1620253164556962 0.04071969696969697 0.06329113924050633
0 0.4431818181818182 0.0949367088607595 0.07954545454545454 0.1518987341772152
0 0.3338068181818182 0.6677215189873418 0.036931818181818184 0.09240506329113925
0 0.4862689393939394 0.5905063291139241 0.05776515151515151 0.10253164556962026
0 0.6036931818181818 0.7044303797468354 0.04261363636363636 0.08227848101265822
0 0.34422348484848486 0.03481012658227848 0.048295454545454544 0.049367088607594936
0 0.4147727272727273 0.5170886075949367 0.04734848484848485 0.08734177215189873
0 0.2637310606060606 0.7196202531645569 0.04261363636363636 0.07215189873417721
0 0.2765151515151515 0.4689873417721519 0.08333333333333333 0.07468354430379746
0 0.2774621212121212 0.4120253164556962 0.06818181818181818 0.05443037974683544
0 0.32765151515151514 0.16772151898734178 0.11553030303030302 0.05189873417721519
0 0.4247159090909091 0.01139240506329114 0.03125 0.017721518987341773
0 0.4706439393939394 0.4050632911392405 0.054924242424242424 0.21012658227848102
0 0.2831439393939394 0.5639240506329114 0.054924242424242424 0.15569620253164557
0 0.4256628787878788 0.043037974683544304 0.09185606060606061 0.06835443037974684
0 0.3399621212121212 0.30063291139240506 0.054924242424242424 0.10759493670886076
0 0.3352272727272727 0.4588607594936709 0.07007575757575757 0.0620253164556962
0 0.29640151515151514 0.08607594936708861 0.054924242424242424 0.1189873417721519
0 0.4015151515151515 0.09873417721518987 0.054924242424242424 0.053164556962025315
0 0.3446969696969697 0.0810126582278481 0.04734848484848485 0.053164556962025315
0 0.3409090909090909 0.12721518987341773 0.054924242424242424 0.056962025316455694
0 0.42992424242424243 0.7291139240506329 0.03787878787878788 0.07341772151898734
0 0.3494318181818182 0.6924050632911393 0.14204545454545456 0.1291139240506329
0 0.3858901515151515 0.6183544303797468 0.05587121212121212 0.12784810126582277
0 0.29829545454545453 0.6449367088607595 0.05303030303030303 0.06455696202531645
0 0.31486742424242425 0.22531645569620254 0.04640151515151515 0.07088607594936709
0 0.2537878787878788 0.5968354430379746 0.041666666666666664 0.1379746835443038
0 0.2921401515151515 0.022151898734177215 0.036931818181818184 0.039240506329113925
0 0.39015151515151514 0.02721518987341772 0.03598484848484849 0.049367088607594936
0 0.5653409090909091 0.6303797468354431 0.125 0.05822784810126582
0 0.3536931818181818 0.5677215189873418 0.038825757575757576 0.15063291139240506
0 0.31865530303030304 0.5563291139240506 0.03314393939393939 0.11012658227848102
0 0.3243371212121212 0.008860759493670886 0.023674242424242424 0.012658227848101266
0 0.2689393939393939 0.31329113924050633 0.03787878787878788 0.14050632911392405
