0 0.5558712121212122 0.55 0.06628787878787878 0.17341772151898735
0 0.43134469696969696 0.052531645569620256 0.036931818181818184 0.05949367088607595
0 0.3849431818181818 0.10759493670886076 0.10132575757575757 0.05822784810126582
0 0.49857954545454547 0.5348101265822784 0.04640151515151515 0.16835443037974684
0 0.4872159090909091 0.7145569620253165 0.06912878787878787 0.07974683544303797
0 0.3797348484848485 0.4582278481012658 0.04924242424242424 0.15949367088607594
0 0.37736742424242425 0.42658227848101266 0.04450757575757576 0.09873417721518987
0 0.5014204545454546 0.05126582278481013 0.06534090909090909 0.09746835443037975
0 0.3555871212121212 0.25253164556962027 0.11837121212121213 0.056962025316455694
0 0.40767045454545453 0.13481012658227848 0.050189393939393936 0.05443037974683544
0 0.3224431818181818 0.4879746835443038 0.048295454545454544 0.13544303797468354
0 0.4408143939393939 0.019620253164556962 0.04071969696969697 0.03417721518987342
0 0.2864583333333333 0.16772151898734178 0.07859848484848485 0.14810126582278482
0 0.35890151515151514 0.460126582278481 0.07954545454545454 0.13291139240506328
0 0.38446969696969696 0.20316455696202532 0.11742424242424243 0.05189873417721519
0 0.35179924242424243 0.0310126582278481 0.04261363636363636 0.056962025316455694
0 0.28125 0.6962025316455697 0.056818181818181816 0.1189873417721519
0 0.3731060606060606 0.6860759493670886 0.058712121212121215 0.10886075949367088
0 0.3740530303030303 0.5550632911392405 0.03977272727272727 0.08481012658227848
0 0.32765151515151514 0.6734177215189874 0.043560606060606064 0.11392405063291139
0 0.2765151515151515 0.010759493670886076 0.028409090909090908 0.016455696202531647
0 0.3555871212121212 0.4892405063291139 0.04261363636363636 0.05189873417721519
0 0.2959280303030303 0.11012658227848102 0.07291666666666667 0.09620253164556962
0 0.3536931818181818 0.16139240506329114 0.06723484848484848 0.05189873417721519
0 0.2608901515151515 0.5987341772151898 0.04261363636363636 0.1848101265822785
0 0.43607954545454547 0.4 0.06912878787878787 0.18227848101265823
0 0.5667613636363636 0.6208860759493671 0.07670454545454546 0.10759493670886076
0 0.3300189393939394 0.33860759493670883 0.06912878787878787 0.11772151898734177
0 0.3158143939393939 0.032278481012658226 0.035037878787878785 0.05949367088607595
0 0.27509469696969696 0.3082278481012658 0.04261363636363636 0.16582278481012658
0 0.46922348484848486 0.11772151898734177 0.03314393939393939 0.060759493670886074
0 0.36553030303030304 0.7424050632911392 0.04924242424242424 0.04177215189873418
0 0.34517045454545453 0.08291139240506329 0.08617424242424243 0.04683544303797468
0 0.3650568181818182 0.31139240506329113 0.06912878787878787 0.07848101265822785
0 0.521780303030303 0.35 0.06439393939393939 0.07974683544303797
0 0.4180871212121212 0.3379746835443038 0.05397727272727273 0.14177215189873418
0 0.3915719696969697 0.02911392405063291 0.04071969696969697 0.053164556962025315
0 0.29545454545454547 0.5430379746835443 0.04734848484848485 0.14936708860759493
0 0.3484848484848485 0.600632911392405 0.0625 0.0670886075949367
0 0.3233901515151515 0.7177215189873418 0.036931818181818184 0.08607594936708861
