0 0.5255681818181818 0.5879746835443038 0.06439393939393939 0.09240506329113925
0 0.3740530303030303 0.01139240506329114 0.11553030303030302 0.017721518987341773
0 0.4266098484848485 0.17405063291139242 0.0634469696969697 0.05189873417721519
0 0.4024621212121212 0.09177215189873418 0.06060606060606061 0.056962025316455694
0 0.4914772727272727 0.7411392405063291 0.02462121212121212 0.05189873417721519
0 0.2623106060606061 0.11582278481012659 0.028409090909090908 0.08987341772151898
0 0.3972537878787879 0.609493670886076 0.10511363636363637 0.10759493670886076
0 0.36695075757575757 0.6537974683544304 0.035037878787878785 0.10253164556962026
0 0.3214962121212121 0.09177215189873418 0.10321969696969698 0.07215189873417721
0 0.2556818181818182 0.45 0.058712121212121215 0.16582278481012658
0 0.28172348484848486 0.4278481012658228 0.05587121212121212 0.15949367088607594
0 0.4289772727272727 0.40632911392405063 0.07954545454545454 0.09367088607594937
0 0.3158143939393939 0.310126582278481 0.05397727272727273 0.07848101265822785
0 0.29545454545454547 0.18037974683544303 0.09848484848484848 0.0620253164556962
0 0.3380681818181818 0.29240506329113924 0.0625 0.10632911392405063
0 0.5246212121212122 0.75 0.045454545454545456 0.03670886075949367
0 0.28361742424242425 0.6196202531645569 0.09375 0.09240506329113925
0 0.328125 0.5632911392405063 0.04640151515151515 0.1518987341772152
0 0.3503787878787879 0.389873417721519 0.10606060606060606 0.10126582278481013
0 0.2935606060606061 0.23164556962025318 0.11174242424242424 0.10379746835443038
0 0.2618371212121212 0.6892405063291139 0.06723484848484848 0.13291139240506328
0 0.4725378787878788 0.6620253164556962 0.041666666666666664 0.1341772151898734
0 0.41051136363636365 0.700632911392405 0.052083333333333336 0.12531645569620253
0 0.39015151515151514 0.519620253164557 0.0946969696969697 0.07721518987341772
0 0.3314393939393939 0.4531645569620253 0.06439393939393939 0.15443037974683543
0 0.296875 0.11772151898734177 0.05587121212121212 0.0759493670886076
0 0.5421401515151515 0.1259493670886076 0.09564393939393939 0.09746835443037975
0 0.3650568181818182 0.04050632911392405 0.09375 0.060759493670886074
0 0.5501893939393939 0.6234177215189873 0.0928030303030303 0.12025316455696203
0 0.29450757575757575 0.5651898734177215 0.03977272727272727 0.08227848101265822
0 0.44554924242424243 0.23670886075949368 0.05965909090909091 0.07341772151898734
0 0.4981060606060606 0.20632911392405062 0.03787878787878788 0.05822784810126582
0 0.296875 0.0310126582278481 0.04261363636363636 0.056962025316455694
0 0.4190340909090909 0.3265822784810127 0.11458333333333333 0.13670886075949368
0 0.41240530303030304 0.2582278481012658 0.1240530303030303 0.10886075949367088
0 0.2694128787878788 0.29240506329113924 0.04071969696969697 0.1189873417721519
0 0.3248106060606061 0.6987341772151898 0.10037878787878787 0.09620253164556962
0 0.3172348484848485 0.7424050632911392 0.041666666666666664 0.03670886075949367
