0 0.4777462121212121 0.45379746835443036 0.12026515151515152 0.06962025316455696
0 0.44554924242424243 0.07721518987341772 0.05965909090909091 0.06835443037974684
0 0.4791666666666667 0.7373417721518988 0.04734848484848485 0.05949367088607595
0 0.3797348484848485 0.4550632911392405 0.12878787878787878 0.10506329113924051
0 0.5596590909090909 0.3531645569620253 0.03787878787878788 0.1341772151898734
0 0.4446022727272727 0.5113924050632911 0.10511363636363637 0.06329113924050633
0 0.3428030303030303 0.1930379746835443 0.043560606060606064 0.15063291139240506
0 0.2987689393939394 0.6215189873417721 0.07859848484848485 0.1189873417721519
0 0.28172348484848486 0.6955696202531646 0.07291666666666667 0.10759493670886076
0 0.4034090909090909 0.6854430379746835 0.0928030303030303 0.05443037974683544
0 0.3678977272727273 0.039873417721518985 0.05965909090909091 0.07468354430379746
0 0.31013257575757575 0.09556962025316455 0.1259469696969697 0.05189873417721519
0 0.2537878787878788 0.6253164556962025 0.04734848484848485 0.1620253164556962
0 0.2921401515151515 0.17215189873417722 0.07481060606060606 0.10632911392405063
0 0.36363636363636365 0.7221518987341772 0.12310606060606061 0.08227848101265822
0 0.36884469696969696 0.6170886075949367 0.09375 0.10506329113924051
