0 0.5350378787878788 0.3227848101265823 0.07007575757575757 0.06582278481012659
0 0.3068181818181818 0.2848101265822785 0.11174242424242424 0.14936708860759493
0 0.48484848484848486 0.4259493670886076 0.07386363636363637 0.14556962025316456
0 0.3873106060606061 0.21329113924050633 0.10037878787878787 0.09240506329113925
0 0.4100378787878788 0.7354430379746836 0.07765151515151515 0.060759493670886074
0 0.26988636363636365 0.1468354430379747 0.03977272727272727 0.11392405063291139
0 0.32196969696969696 0.02721518987341772 0.06439393939393939 0.049367088607594936
0 0.3963068181818182 0.3240506329113924 0.05776515151515151 0.17721518987341772
0 0.3181818181818182 0.6588607594936708 0.09090909090909091 0.04683544303797468
0 0.4161931818181818 0.5911392405063292 0.08428030303030302 0.14936708860759493
0 0.3697916666666667 0.5886075949367089 0.03125 0.1291139240506329
0 0.44176136363636365 0.3493670886075949 0.048295454545454544 0.16455696202531644
0 0.2684659090909091 0.40632911392405063 0.07859848484848485 0.1240506329113924
0 0.3172348484848485 0.38924050632911394 0.043560606060606064 0.06455696202531645
0 0.44554924242424243 0.02721518987341772 0.07859848484848485 0.049367088607594936
0 0.3314393939393939 0.3829113924050633 0.03598484848484849 0.7556962025316456
0 0.4758522727272727 0.3620253164556962 0.052083333333333336 0.14936708860759493
0 0.3877840909090909 0.24240506329113923 0.04261363636363636 0.04683544303797468
0 0.46922348484848486 0.09177215189873418 0.06912878787878787 0.0670886075949367
0 0.35321969696969696 0.2588607594936709 0.06628787878787878 0.11012658227848102
0 0.30823863636363635 0.6164556962025316 0.09753787878787878 0.0810126582278481
0 0.27698863636363635 0.2981012658227848 0.08428030303030302 0.09746835443037975
0 0.3702651515151515 0.0379746835443038 0.05303030303030303 0.07088607594936709
0 0.3390151515151515 0.5613924050632911 0.03977272727272727 0.05949367088607595
0 0.3409090909090909 0.15886075949367087 0.10606060606060606 0.09240506329113925
0 0.25757575757575757 0.660759493670886 0.056818181818181816 0.1670886075949367
0 0.41571969696969696 0.6746835443037975 0.07386363636363637 0.1189873417721519
0 0.3314393939393939 0.6765822784810127 0.06818181818181818 0.05949367088607595
0 0.26515151515151514 0.2208860759493671 0.043560606060606064 0.08481012658227848
0 0.3177083333333333 0.4468354430379747 0.11268939393939394 0.08860759493670886
0 0.3309659090909091 0.11582278481012659 0.08996212121212122 0.0670886075949367
0 0.4337121212121212 0.5424050632911392 0.07007575757575757 0.11012658227848102
0 0.34801136363636365 0.5082278481012659 0.11458333333333333 0.07468354430379746
0 0.3087121212121212 0.08670886075949367 0.10037878787878787 0.08481012658227848
0 0.26420454545454547 0.519620253164557 0.07386363636363637 0.11265822784810127
0 0.2585227272727273 0.3322784810126582 0.043560606060606064 0.07468354430379746
0 0.5288825757575758 0.44113924050632913 0.07291666666666667 0.16075949367088607
0 0.4559659090909091 0.7398734177215189 0.038825757575757576 0.05189873417721519
0 0.5175189393939394 0.23227848101265822 0.06723484848484848 0.05189873417721519
0 0.2940340909090909 0.03860759493670886 0.08238636363636363 0.07215189873417721
0 0.4109848484848485 0.4462025316455696 0.07575757575757576 0.07721518987341772
0 0.4876893939393939 0.5506329113924051 0.0946969696969697 0.11392405063291139
0 0.4578598484848485 0.19556962025316454 0.04450757575757576 0.0949367088607595
0 0.3390151515151515 0.6987341772151898 0.10227272727272728 0.07088607594936709
0 0.6046401515151515 0.20189873417721518 0.061553030303030304 0.11265822784810127
