0 0.34375 0.04050632911392405 0.10227272727272728 0.0759493670886076
0 0.28172348484848486 0.6911392405063291 0.09943181818181818 0.06835443037974684
0 0.4891098484848485 0.23670886075949368 0.048295454545454544 0.05569620253164557
0 0.2703598484848485 0.5936708860759494 0.050189393939393936 0.1468354430379747
0 0.42803030303030304 0.024050632911392405 0.041666666666666664 0.043037974683544304
0 0.4114583333333333 0.06645569620253164 0.0634469696969697 0.12784810126582277
0 0.5047348484848485 0.7348101265822785 0.03409090909090909 0.0670886075949367
0 0.3868371212121212 0.3537974683544304 0.08428030303030302 0.13544303797468354
0 0.3953598484848485 0.270253164556962 0.13731060606060605 0.07721518987341772
0 0.4081439393939394 0.45569620253164556 0.11553030303030302 0.05822784810126582
0 0.3380681818181818 0.008860759493670886 0.043560606060606064 0.012658227848101266
0 0.2684659090909091 0.3658227848101266 0.04261363636363636 0.10886075949367088
0 0.30634469696969696 0.3018987341772152 0.052083333333333336 0.05443037974683544
0 0.3210227272727273 0.5360759493670886 0.03598484848484849 0.0620253164556962
0 0.30113636363636365 0.7379746835443038 0.11174242424242424 0.04810126582278481
0 0.4483901515151515 0.2588607594936709 0.06534090909090909 0.13291139240506328
0 0.30634469696969696 0.37151898734177213 0.035037878787878785 0.08734177215189873
0 0.27888257575757575 0.5075949367088608 0.06534090909090909 0.17721518987341772
0 0.29640151515151514 0.07215189873417721 0.07575757575757576 0.1189873417721519
0 0.38920454545454547 0.2069620253164557 0.06439393939393939 0.07721518987341772
0 0.33570075757575757 0.21835443037974683 0.048295454545454544 0.13291139240506328
0 0.30303030303030304 0.23924050632911392 0.03409090909090909 0.0810126582278481
0 0.3716856060606061 0.5968354430379746 0.14299242424242425 0.12531645569620253
0 0.3541666666666667 0.6550632911392406 0.11174242424242424 0.09746835443037975
0 0.2741477272727273 0.14746835443037976 0.0634469696969697 0.07974683544303797
0 0.34327651515151514 0.3879746835443038 0.04261363636363636 0.15316455696202533
0 0.3106060606060606 0.16329113924050634 0.03977272727272727 0.07088607594936709
0 0.4895833333333333 0.015822784810126583 0.07765151515151515 0.026582278481012658
0 0.33948863636363635 0.49746835443037973 0.10511363636363637 0.11645569620253164
0 0.4971590909090909 0.39746835443037976 0.043560606060606064 0.15443037974683543
0 0.4588068181818182 0.09240506329113925 0.04261363636363636 0.11645569620253164
