0 0.34517045454545453 0.035443037974683546 0.038825757575757576 0.06582278481012659
0 0.32859848484848486 0.5101265822784811 0.03598484848484849 0.1341772151898734
0 0.4133522727272727 0.013924050632911392 0.03125 0.02278481012658228
0 0.4460227272727273 0.3911392405063291 0.07765151515151515 0.06329113924050633
0 0.48863636363636365 0.26139240506329114 0.06628787878787878 0.16835443037974684
0 0.2959280303030303 0.7177215189873418 0.036931818181818184 0.07848101265822785
0 0.4024621212121212 0.1069620253164557 0.03977272727272727 0.13291139240506328
0 0.5037878787878788 0.5018987341772152 0.06818181818181818 0.1
0 0.4346590909090909 0.14113924050632912 0.03977272727272727 0.15063291139240506
0 0.27367424242424243 0.03417721518987342 0.03598484848484849 0.06329113924050633
0 0.3584280303030303 0.5594936708860759 0.07102272727272728 0.07088607594936709
0 0.34517045454545453 0.289873417721519 0.08806818181818182 0.10126582278481013
0 0.4479166666666667 0.5120253164556962 0.10416666666666667 0.13037974683544304
0 0.37357954545454547 0.12784810126582277 0.048295454545454544 0.13924050632911392
0 0.40577651515151514 0.31139240506329113 0.035037878787878785 0.14936708860759493
0 0.25236742424242425 0.5259493670886076 0.05776515151515151 0.2088607594936709
0 0.3125 0.3183544303797468 0.06060606060606061 0.08987341772151898
0 0.3546401515151515 0.6772151898734177 0.0634469696969697 0.07088607594936709
0 0.29829545454545453 0.529113924050633 0.04734848484848485 0.2379746835443038
0 0.26988636363636365 0.34367088607594937 0.05113636363636364 0.07215189873417721
0 0.4427083333333333 0.036075949367088606 0.04261363636363636 0.0670886075949367
0 0.3574810606060606 0.23924050632911392 0.07102272727272728 0.06329113924050633
0 0.5733901515151515 0.7348101265822785 0.10321969696969698 0.06455696202531645
0 0.30303030303030304 0.3867088607594937 0.08333333333333333 0.13291139240506328
0 0.28929924242424243 0.09556962025316455 0.05776515151515151 0.05949367088607595
0 0.35179924242424243 0.42468354430379746 0.061553030303030304 0.11265822784810127
0 0.27982954545454547 0.1810126582278481 0.07102272727272728 0.10632911392405063
0 0.2637310606060606 0.5943037974683544 0.07670454545454546 0.14810126582278482
0 0.4109848484848485 0.6075949367088608 0.11553030303030302 0.06835443037974684
0 0.3816287878787879 0.6481012658227848 0.10037878787878787 0.10379746835443038
0 0.25615530303030304 0.21772151898734177 0.03314393939393939 0.07848101265822785
0 0.30823863636363635 0.6 0.061553030303030304 0.10886075949367088
0 0.265625 0.16139240506329114 0.029356060606060608 0.05189873417721519
0 0.34327651515151514 0.3569620253164557 0.023674242424242424 0.035443037974683546
0 0.3290719696969697 0.10063291139240506 0.04450757575757576 0.15063291139240506
0 0.25615530303030304 0.6905063291139241 0.04450757575757576 0.13037974683544304
0 0.3072916666666667 0.04240506329113924 0.03314393939393939 0.0620253164556962
0 0.5482954545454546 0.02911392405063291 0.03598484848484849 0.053164556962025315
0 0.3802083333333333 0.030379746835443037 0.03314393939393939 0.05569620253164557
0 0.4422348484848485 0.27784810126582277 0.056818181818181816 0.15316455696202533
0 0.5492424242424242 0.6367088607594936 0.12121212121212122 0.05822784810126582
0 0.3565340909090909 0.47468354430379744 0.07291666666666667 0.10126582278481013
0 0.34611742424242425 0.3841772151898734 0.11079545454545454 0.7582278481012659
0 0.3229166666666667 0.1949367088607595 0.054924242424242424 0.07341772151898734
0 0.5539772727272727 0.5265822784810127 0.08143939393939394 0.07848101265822785
0 0.3783143939393939 0.4151898734177215 0.035037878787878785 0.1341772151898734
0 0.3096590909090909 0.01139240506329114 0.032196969696969696 0.017721518987341773
0 0.4881628787878788 0.008227848101265823 0.023674242424242424 0.01139240506329114
0 0.24857954545454544 0.25569620253164554 0.02556818181818182 0.04050632911392405
0 0.3835227272727273 0.20316455696202532 0.06439393939393939 0.056962025316455694
0 0.2599431818181818 0.2974683544303797 0.07859848484848485 0.0759493670886076
0 0.27982954545454547 0.22974683544303798 0.04640151515151515 0.08227848101265822
0 0.4356060606060606 0.4689873417721519 0.09659090909090909 0.13037974683544304
0 0.4725378787878788 0.08607594936708861 0.03977272727272727 0.1518987341772152
0 0.3243371212121212 0.7398734177215189 0.023674242424242424 0.039240506329113925
0 0.25515625 0.4015443037974684 0.036827651515151515 0.11954430379746835
