0 0.5066287878787878 0.31518987341772153 0.056818181818181816 0.11392405063291139
0 0.3484848484848485 0.024683544303797468 0.04924242424242424 0.04430379746835443
0 0.37452651515151514 0.22025316455696203 0.08428030303030302 0.07848101265822785
0 0.40672348484848486 0.07025316455696203 0.04640151515151515 0.13544303797468354
0 0.4408143939393939 0.589240506329114 0.048295454545454544 0.05443037974683544
0 0.3816287878787879 0.6905063291139241 0.09090909090909091 0.08227848101265822
0 0.4493371212121212 0.2291139240506329 0.10132575757575757 0.08860759493670886
0 0.41429924242424243 0.3822784810126582 0.08049242424242424 0.13164556962025317
0 0.36884469696969696 0.639873417721519 0.11647727272727272 0.056962025316455694
0 0.2713068181818182 0.5449367088607595 0.036931818181818184 0.12025316455696203
0 0.37547348484848486 0.03860759493670886 0.05397727272727273 0.07215189873417721
0 0.3996212121212121 0.44113924050632913 0.05303030303030303 0.11265822784810127
0 0.3712121212121212 0.7398734177215189 0.03598484848484849 0.049367088607594936
0 0.5497159090909091 0.20949367088607596 0.11837121212121213 0.07721518987341772
0 0.27698863636363635 0.729746835443038 0.048295454545454544 0.056962025316455694
0 0.2372159090909091 0.49430379746835446 0.036931818181818184 0.14810126582278482
0 0.2703598484848485 0.32341772151898734 0.04071969696969697 0.12531645569620253
0 0.3314393939393939 0.5841772151898734 0.02462121212121212 0.08734177215189873
0 0.31392045454545453 0.2120253164556962 0.0634469696969697 0.1759493670886076
0 0.43513257575757575 0.012658227848101266 0.02556818181818182 0.020253164556962026
0 0.4583333333333333 0.35822784810126584 0.11363636363636363 0.09367088607594937
0 0.3006628787878788 0.5753164556962025 0.050189393939393936 0.1
0 0.3035037878787879 0.37278481012658227 0.03125 0.15316455696202533
0 0.4327651515151515 0.08734177215189873 0.04734848484848485 0.10632911392405063
0 0.34611742424242425 0.3367088607594937 0.05397727272727273 0.21518987341772153
0 0.2959280303030303 0.4753164556962025 0.05587121212121212 0.12278481012658228
0 0.2760416666666667 0.10379746835443038 0.04071969696969697 0.1620253164556962
0 0.39678030303030304 0.10886075949367088 0.058712121212121215 0.20506329113924052
0 0.2916666666666667 0.6272151898734177 0.06628787878787878 0.09240506329113925
0 0.36079545454545453 0.25063291139240507 0.043560606060606064 0.053164556962025315
0 0.3470643939393939 0.11835443037974684 0.048295454545454544 0.12531645569620253
0 0.3991477272727273 0.5784810126582278 0.04640151515151515 0.0759493670886076
0 0.26515151515151514 0.20569620253164558 0.041666666666666664 0.11012658227848102
0 0.31107954545454547 0.11075949367088607 0.036931818181818184 0.07974683544303797
0 0.24573863636363635 0.6373417721518987 0.038825757575757576 0.14810126582278482
0 0.3716856060606061 0.28354430379746837 0.027462121212121212 0.0379746835443038
0 0.36884469696969696 0.4582278481012658 0.052083333333333336 0.13924050632911392
0 0.34232954545454547 0.5183544303797468 0.0634469696969697 0.14303797468354432
0 0.30113636363636365 0.04493670886075949 0.056818181818181816 0.08481012658227848
0 0.3210227272727273 0.34746835443037977 0.05113636363636364 0.1962025316455696
0 0.3158143939393939 0.6892405063291139 0.06534090909090909 0.05189873417721519
0 0.5587121212121212 0.34746835443037977 0.056818181818181816 0.11772151898734177
0 0.4872159090909091 0.49430379746835446 0.14109848484848486 0.056962025316455694
0 0.5857007575757576 0.1468354430379747 0.09943181818181818 0.053164556962025315
0 0.23816287878787878 0.23860759493670886 0.04071969696969697 0.12784810126582277
0 0.43986742424242425 0.289873417721519 0.08996212121212122 0.05822784810126582
0 0.4678030303030303 0.16645569620253164 0.11363636363636363 0.05949367088607595
0 0.3446969696969697 0.7468354430379747 0.015151515151515152 0.027848101265822784
0 0.31486742424242425 0.7348101265822785 0.04261363636363636 0.049367088607594936
