0 0.5359848484848485 0.4487341772151899 0.07386363636363637 0.07721518987341772
0 0.2859848484848485 0.6936708860759494 0.10984848484848485 0.09620253164556962
0 0.36742424242424243 0.012658227848101266 0.026515151515151516 0.020253164556962026
0 0.5478219696969697 0.25949367088607594 0.07291666666666667 0.11139240506329114
0 0.506155303030303 0.2810126582278481 0.04261363636363636 0.19240506329113924
0 0.4024621212121212 0.02341772151898734 0.07007575757575757 0.04177215189873418
0 0.41051136363636365 0.07911392405063292 0.09564393939393939 0.10759493670886076
0 0.4550189393939394 0.6272151898734177 0.08996212121212122 0.14050632911392405
0 0.2911931818181818 0.016455696202531647 0.03125 0.027848101265822784
0 0.3626893939393939 0.710126582278481 0.041666666666666664 0.0810126582278481
0 0.3939393939393939 0.31455696202531647 0.06628787878787878 0.08987341772151898
0 0.4696969696969697 0.540506329113924 0.06818181818181818 0.11139240506329114
0 0.5506628787878788 0.09936708860759494 0.08996212121212122 0.10759493670886076
0 0.26704545454545453 0.730379746835443 0.03977272727272727 0.05063291139240506
0 0.2803030303030303 0.38734177215189874 0.08901515151515152 0.1341772151898734
0 0.33948863636363635 0.5727848101265823 0.03314393939393939 0.08734177215189873
0 0.3390151515151515 0.1759493670886076 0.09090909090909091 0.08607594936708861
0 0.5127840909090909 0.40822784810126583 0.11458333333333333 0.08987341772151898
0 0.3783143939393939 0.12974683544303797 0.035037878787878785 0.09746835443037975
0 0.26325757575757575 0.5873417721518988 0.07575757575757576 0.1518987341772152
0 0.4119318181818182 0.5594936708860759 0.041666666666666664 0.18734177215189873
0 0.3091856060606061 0.609493670886076 0.07670454545454546 0.13037974683544304
0 0.3404356060606061 0.34620253164556963 0.04640151515151515 0.12278481012658228
0 0.3058712121212121 0.10063291139240506 0.08143939393939394 0.07974683544303797
0 0.5615530303030303 0.560126582278481 0.10984848484848485 0.12784810126582277
0 0.3631628787878788 0.40189873417721517 0.07670454545454546 0.10759493670886076
0 0.34990530303030304 0.47151898734177217 0.12026515151515152 0.06455696202531645
0 0.34611742424242425 0.05759493670886076 0.04071969696969697 0.11012658227848102
0 0.28077651515151514 0.5151898734177215 0.08617424242424243 0.08607594936708861
0 0.32007575757575757 0.28354430379746837 0.043560606060606064 0.17974683544303796
0 0.27367424242424243 0.28354430379746837 0.05113636363636364 0.17721518987341772
0 0.42140151515151514 0.17341772151898735 0.05113636363636364 0.1291139240506329
0 0.31392045454545453 0.052531645569620256 0.03314393939393939 0.0670886075949367
0 0.5293560606060606 0.07025316455696203 0.058712121212121215 0.07721518987341772
0 0.2760416666666667 0.17911392405063292 0.052083333333333336 0.15822784810126583
0 0.4796401515151515 0.13544303797468354 0.04071969696969697 0.1189873417721519
0 0.37452651515151514 0.5930379746835444 0.038825757575757576 0.1759493670886076
