0 0.3352272727272727 0.6943037974683545 0.06060606060606061 0.12784810126582277
0 0.4786931818181818 0.3449367088607595 0.06912878787878787 0.08734177215189873
0 0.2793560606060606 0.7025316455696202 0.09090909090909091 0.06835443037974684
0 0.4981060606060606 0.07468354430379746 0.10037878787878787 0.10126582278481013
0 0.49573863636363635 0.1670886075949367 0.05965909090909091 0.06329113924050633
0 0.3645833333333333 0.1962025316455696 0.13257575757575757 0.05569620253164557
0 0.4341856060606061 0.05379746835443038 0.09185606060606061 0.04430379746835443
0 0.3385416666666667 0.1778481012658228 0.14678030303030304 0.1
0 0.4114583333333333 0.7183544303797469 0.036931818181818184 0.09240506329113925
0 0.28077651515151514 0.026582278481012658 0.04261363636363636 0.04810126582278481
0 0.3702651515151515 0.6778481012658227 0.054924242424242424 0.09240506329113925
0 0.32954545454545453 0.04240506329113924 0.05113636363636364 0.07974683544303797
0 0.4318181818181818 0.5917721518987342 0.06628787878787878 0.05949367088607595
0 0.28125 0.7430379746835443 0.030303030303030304 0.02531645569620253
0 0.37357954545454547 0.035443037974683546 0.03314393939393939 0.06582278481012659
0 0.375 0.5474683544303798 0.05113636363636364 0.1
0 0.40577651515151514 0.5354430379746835 0.048295454545454544 0.06835443037974684
0 0.4498106060606061 0.25569620253164554 0.06439393939393939 0.1468354430379747
0 0.3489583333333333 0.012658227848101266 0.019886363636363636 0.020253164556962026
0 0.3778409090909091 0.7424050632911392 0.028409090909090908 0.04177215189873418
0 0.5364583333333334 0.11455696202531646 0.10511363636363637 0.05949367088607595
0 0.23863636363636365 0.730379746835443 0.03598484848484849 0.04556962025316456
0 0.43702651515151514 0.0189873417721519 0.08428030303030302 0.03291139240506329
0 0.3626893939393939 0.2708860759493671 0.0928030303030303 0.11139240506329114
0 0.42992424242424243 0.3575949367088608 0.07386363636363637 0.08227848101265822
0 0.34611742424242425 0.3341772151898734 0.08049242424242424 0.10632911392405063
0 0.2949810606060606 0.5708860759493671 0.08238636363636363 0.1189873417721519
0 0.2713068181818182 0.35063291139240504 0.07481060606060606 0.11139240506329114
0 0.3233901515151515 0.5031645569620253 0.07670454545454546 0.16582278481012658
0 0.27698863636363635 0.16329113924050634 0.04261363636363636 0.15949367088607594
0 0.3352272727272727 0.44113924050632913 0.07007575757575757 0.10759493670886076
0 0.3115530303030303 0.09050632911392405 0.09848484848484848 0.07721518987341772
0 0.4441287878787879 0.6784810126582278 0.0625 0.1189873417721519
0 0.5525568181818182 0.6246835443037975 0.036931818181818184 0.06455696202531645
0 0.3143939393939394 0.739240506329114 0.03787878787878788 0.04050632911392405
0 0.2547348484848485 0.24430379746835443 0.04734848484848485 0.09367088607594937
0 0.3072916666666667 0.27784810126582277 0.035037878787878785 0.11518987341772152
0 0.24526515151515152 0.6208860759493671 0.03787878787878788 0.15063291139240506
0 0.3797348484848485 0.10443037974683544 0.0625 0.07721518987341772
0 0.5227272727272727 0.6626582278481012 0.10227272727272728 0.13291139240506328
0 0.2684659090909091 0.4468354430379747 0.04261363636363636 0.13924050632911392
0 0.2774621212121212 0.6354430379746835 0.043560606060606064 0.09620253164556962
0 0.24005681818181818 0.369620253164557 0.036931818181818184 0.06329113924050633
0 0.34990530303030304 0.3886075949367089 0.09753787878787878 0.10379746835443038
0 0.5539772727272727 0.028481012658227847 0.06060606060606061 0.05189873417721519
0 0.3991477272727273 0.3778481012658228 0.038825757575757576 0.039240506329113925
0 0.4024621212121212 0.2417721518987342 0.07007575757575757 0.05063291139240506
0 0.40672348484848486 0.4727848101265823 0.08996212121212122 0.07974683544303797
0 0.3683712121212121 0.6126582278481013 0.06628787878787878 0.060759493670886074
