0 0.36553030303030304 0.02721518987341772 0.08333333333333333 0.049367088607594936
0 0.3418560606060606 0.729746835443038 0.06628787878787878 0.056962025316455694
0 0.33617424242424243 0.37278481012658227 0.043560606060606064 0.12531645569620253
0 0.3963068181818182 0.7031645569620253 0.050189393939393936 0.056962025316455694
0 0.48674242424242425 0.1639240506329114 0.08143939393939394 0.15316455696202533
0 0.3877840909090909 0.15316455696202533 0.05965909090909091 0.08607594936708861
0 0.26704545454545453 0.7025316455696202 0.08143939393939394 0.11139240506329114
0 0.41382575757575757 0.10886075949367088 0.07575757575757576 0.08607594936708861
0 0.3574810606060606 0.09620253164556962 0.061553030303030304 0.12151898734177215
0 0.4190340909090909 0.5120253164556962 0.0634469696969697 0.14810126582278482
0 0.46448863636363635 0.21265822784810126 0.08428030303030302 0.12151898734177215
0 0.3759469696969697 0.7550632911392405 0.054924242424242424 0.0189873417721519
0 0.2566287878787879 0.5075949367088608 0.04734848484848485 0.09367088607594937
0 0.33238636363636365 0.6386075949367088 0.09848484848484848 0.05189873417721519
0 0.44696969696969696 0.0189873417721519 0.041666666666666664 0.03291139240506329
0 0.2921401515151515 0.5436708860759494 0.04071969696969697 0.1379746835443038
0 0.3087121212121212 0.22341772151898734 0.10227272727272728 0.08227848101265822
0 0.27698863636363635 0.6645569620253164 0.08049242424242424 0.11645569620253164
0 0.3229166666666667 0.5664556962025317 0.06628787878787878 0.1911392405063291
0 0.33617424242424243 0.15822784810126583 0.07386363636363637 0.1468354430379747
0 0.3020833333333333 0.013924050632911392 0.04924242424242424 0.02278481012658228
0 0.5284090909090909 0.056962025316455694 0.056818181818181816 0.10886075949367088
0 0.35890151515151514 0.5189873417721519 0.07575757575757576 0.16962025316455695
0 0.31013257575757575 0.05126582278481013 0.08996212121212122 0.056962025316455694
0 0.5729166666666666 0.39367088607594936 0.13636363636363635 0.053164556962025315
0 0.37642045454545453 0.4031645569620253 0.038825757575757576 0.11772151898734177
0 0.48863636363636365 0.5879746835443038 0.08143939393939394 0.13544303797468354
0 0.5056818181818182 0.08291139240506329 0.041666666666666664 0.13291139240506328
0 0.41240530303030304 0.28417721518987343 0.07859848484848485 0.11265822784810127
0 0.28125 0.1069620253164557 0.054924242424242424 0.13291139240506328
0 0.3712121212121212 0.6689873417721519 0.10606060606060606 0.0670886075949367
