0 0.5274621212121212 0.5436708860759494 0.03977272727272727 0.11772151898734177
0 0.3035037878787879 0.6734177215189874 0.050189393939393936 0.16962025316455695
0 0.5255681818181818 0.29620253164556964 0.05113636363636364 0.17468354430379746
0 0.4109848484848485 0.7417721518987341 0.07575757575757576 0.04810126582278481
0 0.4725378787878788 0.2430379746835443 0.07954545454545454 0.10379746835443038
0 0.29640151515151514 0.09050632911392405 0.06818181818181818 0.11518987341772152
0 0.3252840909090909 0.10316455696202531 0.06723484848484848 0.10253164556962026
0 0.5 0.6968354430379747 0.06628787878787878 0.12531645569620253
0 0.3584280303030303 0.20126582278481012 0.08996212121212122 0.1341772151898734
0 0.48390151515151514 0.5208860759493671 0.041666666666666664 0.11265822784810127
0 0.2708333333333333 0.709493670886076 0.03409090909090909 0.09240506329113925
0 0.2779356060606061 0.42278481012658226 0.06723484848484848 0.10632911392405063
0 0.34327651515151514 0.270253164556962 0.06912878787878787 0.17848101265822786
0 0.4706439393939394 0.1468354430379747 0.054924242424242424 0.06329113924050633
0 0.3143939393939394 0.39746835443037976 0.06060606060606061 0.1189873417721519
0 0.28882575757575757 0.529746835443038 0.11363636363636363 0.07468354430379746
0 0.3016098484848485 0.3031645569620253 0.07670454545454546 0.10506329113924051
0 0.3418560606060606 0.6310126582278481 0.04734848484848485 0.07974683544303797
0 0.29261363636363635 0.17278481012658228 0.04734848484848485 0.06455696202531645
0 0.3645833333333333 0.3879746835443038 0.04734848484848485 0.17848101265822786
0 0.4251893939393939 0.2949367088607595 0.10037878787878787 0.06835443037974684
0 0.4346590909090909 0.3778481012658228 0.09090909090909091 0.13037974683544304
0 0.2571022727272727 0.6037974683544304 0.04071969696969697 0.10886075949367088
0 0.32196969696969696 0.29050632911392404 0.07765151515151515 0.14050632911392405
0 0.2599431818181818 0.310126582278481 0.04261363636363636 0.1291139240506329
0 0.5359848484848485 0.6582278481012658 0.09090909090909091 0.1291139240506329
0 0.4805871212121212 0.38164556962025314 0.050189393939393936 0.07468354430379746
0 0.37357954545454547 0.6879746835443038 0.10321969696969698 0.056962025316455694
0 0.3783143939393939 0.7512658227848101 0.016098484848484848 0.024050632911392405
0 0.38636363636363635 0.509493670886076 0.12121212121212122 0.07974683544303797
0 0.5970643939393939 0.2689873417721519 0.04261363636363636 0.15316455696202533
