0 0.521780303030303 0.3050632911392405 0.043560606060606064 0.1620253164556962
0 0.36742424242424243 0.02531645569620253 0.06818181818181818 0.04556962025316456
0 0.2949810606060606 0.7196202531645569 0.04071969696969697 0.07215189873417721
0 0.42329545454545453 0.09556962025316455 0.045454545454545456 0.1
0 0.4393939393939394 0.6582278481012658 0.045454545454545456 0.17721518987341772
0 0.4010416666666667 0.5575949367088607 0.04071969696969697 0.15822784810126583
0 0.37357954545454547 0.7025316455696202 0.07859848484848485 0.06582278481012659
0 0.36553030303030304 0.3968354430379747 0.10416666666666667 0.11518987341772152
0 0.5099431818181818 0.640506329113924 0.06534090909090909 0.11645569620253164
0 0.37642045454545453 0.07974683544303797 0.08996212121212122 0.12151898734177215
0 0.45738636363636365 0.36645569620253166 0.08712121212121213 0.13544303797468354
0 0.48390151515151514 0.1981012658227848 0.04734848484848485 0.11772151898734177
0 0.5511363636363636 0.2993670886075949 0.03787878787878788 0.16329113924050634
0 0.2618371212121212 0.7113924050632912 0.061553030303030304 0.09113924050632911
0 0.2779356060606061 0.3677215189873418 0.09185606060606061 0.06962025316455696
0 0.3503787878787879 0.5822784810126582 0.030303030303030304 0.08354430379746836
0 0.3702651515151515 0.12468354430379747 0.08712121212121213 0.1
0 0.30823863636363635 0.22848101265822784 0.07102272727272728 0.15822784810126583
0 0.3196022727272727 0.5740506329113924 0.035037878787878785 0.13291139240506328
0 0.4460227272727273 0.053164556962025315 0.07386363636363637 0.10126582278481013
0 0.3631628787878788 0.2689873417721519 0.036931818181818184 0.1379746835443038
0 0.2840909090909091 0.5664556962025317 0.03977272727272727 0.16075949367088607
0 0.3338068181818182 0.47025316455696203 0.05965909090909091 0.1
0 0.28882575757575757 0.6455696202531646 0.09090909090909091 0.14430379746835442
0 0.5639204545454546 0.4892405063291139 0.09185606060606061 0.09746835443037975
0 0.2604166666666667 0.26772151898734176 0.032196969696969696 0.10506329113924051
0 0.32670454545454547 0.15 0.06628787878787878 0.10759493670886076
0 0.22916666666666666 0.589873417721519 0.043560606060606064 0.14177215189873418
0 0.35890151515151514 0.4911392405063291 0.045454545454545456 0.10126582278481013
0 0.27982954545454547 0.4139240506329114 0.10700757575757576 0.06835443037974684
0 0.2490530303030303 0.5037974683544304 0.03598484848484849 0.10886075949367088
0 0.3641098484848485 0.7354430379746836 0.09753787878787878 0.05569620253164557
0 0.28267045454545453 0.04430379746835443 0.038825757575757576 0.08354430379746836
0 0.4114583333333333 0.33544303797468356 0.09564393939393939 0.0759493670886076
0 0.5066287878787878 0.5455696202531646 0.0928030303030303 0.13164556962025317
0 0.4952651515151515 0.0310126582278481 0.04924242424242424 0.056962025316455694
0 0.38636363636363635 0.19683544303797468 0.07575757575757576 0.10253164556962026
0 0.24621212121212122 0.15379746835443037 0.05303030303030303 0.05443037974683544
0 0.4446022727272727 0.23164556962025318 0.052083333333333336 0.14177215189873418
0 0.36884469696969696 0.6512658227848102 0.09564393939393939 0.056962025316455694
0 0.296875 0.2829113924050633 0.04071969696969697 0.14810126582278482
0 0.2850378787878788 0.46329113924050636 0.056818181818181816 0.053164556962025315
0 0.5265151515151515 0.15822784810126583 0.04924242424242424 0.09113924050632911
