0 0.30445075757575757 0.239873417721519 0.05965909090909091 0.06962025316455696
0 0.2911931818181818 0.7158227848101266 0.05965909090909091 0.08227848101265822
0 0.3328598484848485 0.020253164556962026 0.035037878787878785 0.035443037974683546
0 0.38304924242424243 0.020253164556962026 0.050189393939393936 0.035443037974683546
0 0.38115530303030304 0.2727848101265823 0.06723484848484848 0.13544303797468354
0 0.4810606060606061 0.729746835443038 0.11553030303030302 0.07215189873417721
0 0.3939393939393939 0.6145569620253165 0.10416666666666667 0.15316455696202533
0 0.3309659090909091 0.41265822784810124 0.06723484848484848 0.13670886075949368
0 0.34611742424242425 0.08670886075949367 0.09185606060606061 0.1
0 0.33617424242424243 0.5120253164556962 0.07196969696969698 0.06455696202531645
0 0.3873106060606061 0.7575949367088608 0.030303030303030304 0.013924050632911392
0 0.24621212121212122 0.48417721518987344 0.03787878787878788 0.17848101265822786
0 0.2684659090909091 0.37151898734177213 0.038825757575757576 0.07468354430379746
0 0.3191287878787879 0.6183544303797468 0.045454545454545456 0.06962025316455696
0 0.4635416666666667 0.4772151898734177 0.09375 0.14936708860759493
0 0.3366477272727273 0.2689873417721519 0.06534090909090909 0.10506329113924051
0 0.2755681818181818 0.6689873417721519 0.0928030303030303 0.05443037974683544
0 0.28361742424242425 0.30632911392405066 0.04261363636363636 0.10126582278481013
0 0.2878787878787879 0.11962025316455696 0.06060606060606061 0.15063291139240506
0 0.3584280303030303 0.15949367088607594 0.08806818181818182 0.09620253164556962
0 0.2864583333333333 0.19746835443037974 0.07670454545454546 0.1240506329113924
0 0.3527462121212121 0.7126582278481013 0.038825757575757576 0.09873417721518987
0 0.6420454545454546 0.6829113924050633 0.07007575757575757 0.05189873417721519
0 0.31486742424242425 0.7164556962025317 0.04640151515151515 0.08607594936708861
0 0.2566287878787879 0.3069620253164557 0.020833333333333332 0.05949367088607595
0 0.29071969696969696 0.23860759493670886 0.08522727272727272 0.06962025316455696
0 0.2987689393939394 0.4006329113924051 0.06534090909090909 0.16582278481012658
0 0.5099431818181818 0.06518987341772152 0.08996212121212122 0.07468354430379746
0 0.30634469696969696 0.560126582278481 0.035037878787878785 0.1
0 0.5 0.3050632911392405 0.06439393939393939 0.11139240506329114
0 0.3020833333333333 0.013924050632911392 0.030303030303030304 0.02278481012658228
0 0.38257575757575757 0.4544303797468354 0.08712121212121213 0.06582278481012659
0 0.5236742424242424 0.6227848101265823 0.0928030303030303 0.14177215189873418
0 0.4128787878787879 0.36455696202531646 0.10227272727272728 0.06835443037974684
0 0.2727272727272727 0.5816455696202532 0.04924242424242424 0.12278481012658228
0 0.2959280303030303 0.2708860759493671 0.09943181818181818 0.13164556962025317
