0 0.45738636363636365 0.32531645569620254 0.03977272727272727 0.11392405063291139
0 0.4247159090909091 0.36835443037974686 0.04071969696969697 0.17468354430379746
0 0.43513257575757575 0.5943037974683544 0.0634469696969697 0.08227848101265822
0 0.5653409090909091 0.08607594936708861 0.054924242424242424 0.11139240506329114
0 0.3612689393939394 0.28164556962025317 0.048295454545454544 0.15569620253164557
0 0.5355113636363636 0.38924050632911394 0.06912878787878787 0.19873417721518988
0 0.3858901515151515 0.3677215189873418 0.04450757575757576 0.17341772151898735
0 0.2930871212121212 0.6164556962025316 0.12973484848484848 0.05822784810126582
0 0.3522727272727273 0.5335443037974683 0.06439393939393939 0.12278481012658228
0 0.27982954545454547 0.6981012658227848 0.07859848484848485 0.10759493670886076
0 0.3319128787878788 0.7025316455696202 0.048295454545454544 0.11645569620253164
0 0.3300189393939394 0.3810126582278481 0.06723484848484848 0.11139240506329114
0 0.29261363636363635 0.39556962025316456 0.07765151515151515 0.16075949367088607
