0 0.3612689393939394 0.03164556962025317 0.035037878787878785 0.05822784810126582
0 0.3319128787878788 0.26518987341772154 0.10700757575757576 0.05949367088607595
0 0.37547348484848486 0.7379746835443038 0.03314393939393939 0.05063291139240506
0 0.3091856060606061 0.7360759493670886 0.038825757575757576 0.04683544303797468
0 0.4460227272727273 0.07721518987341772 0.03409090909090909 0.07848101265822785
0 0.48295454545454547 0.529113924050633 0.06439393939393939 0.08860759493670886
0 0.4071969696969697 0.08987341772151898 0.06439393939393939 0.14430379746835442
0 0.32859848484848486 0.018354430379746836 0.032196969696969696 0.03164556962025317
0 0.27178030303030304 0.3848101265822785 0.056818181818181816 0.1569620253164557
0 0.35321969696969696 0.0879746835443038 0.07386363636363637 0.11265822784810127
0 0.47017045454545453 0.4120253164556962 0.10321969696969698 0.15822784810126583
0 0.36884469696969696 0.1879746835443038 0.10700757575757576 0.08734177215189873
0 0.3006628787878788 0.060759493670886074 0.06723484848484848 0.11645569620253164
0 0.3470643939393939 0.4050632911392405 0.08238636363636363 0.1569620253164557
0 0.4251893939393939 0.5367088607594936 0.058712121212121215 0.053164556962025315
0 0.525094696969697 0.15759493670886077 0.09753787878787878 0.0620253164556962
0 0.2883522727272727 0.20063291139240505 0.05397727272727273 0.15822784810126583
0 0.5293560606060606 0.5537974683544303 0.10227272727272728 0.12784810126582277
0 0.3631628787878788 0.6189873417721519 0.048295454545454544 0.2810126582278481
0 0.2694128787878788 0.5955696202531645 0.036931818181818184 0.1
0 0.5151515151515151 0.26518987341772154 0.08522727272727272 0.06455696202531645
0 0.44507575757575757 0.37658227848101267 0.10795454545454546 0.14050632911392405
0 0.3456439393939394 0.7069620253164557 0.03598484848484849 0.10759493670886076
0 0.2821969696969697 0.6778481012658227 0.07765151515151515 0.07215189873417721
