0 0.3877840909090909 0.7253164556962025 0.036931818181818184 0.0759493670886076
0 0.36363636363636365 0.3056962025316456 0.045454545454545456 0.16075949367088607
0 0.484375 0.7037974683544304 0.11837121212121213 0.1189873417721519
0 0.453125 0.5550632911392405 0.04071969696969697 0.16835443037974684
0 0.3314393939393939 0.02278481012658228 0.041666666666666664 0.04050632911392405
0 0.3612689393939394 0.22025316455696203 0.11647727272727272 0.11392405063291139
0 0.4147727272727273 0.5822784810126582 0.043560606060606064 0.12658227848101267
0 0.3077651515151515 0.056962025316455694 0.04924242424242424 0.09113924050632911
0 0.4133522727272727 0.24240506329113923 0.036931818181818184 0.08227848101265822
0 0.4365530303030303 0.36265822784810126 0.043560606060606064 0.0949367088607595
