0 0.4034090909090909 0.17658227848101266 0.10037878787878787 0.06455696202531645
0 0.3759469696969697 0.25126582278481013 0.12121212121212122 0.0949367088607595
0 0.26609848484848486 0.25569620253164554 0.054924242424242424 0.1670886075949367
0 0.2897727272727273 0.2879746835443038 0.054924242424242424 0.16835443037974684
0 0.2902462121212121 0.40443037974683543 0.11268939393939394 0.10759493670886076
0 0.4483901515151515 0.02088607594936709 0.10132575757575757 0.03670886075949367
0 0.3716856060606061 0.6518987341772152 0.07291666666666667 0.05822784810126582
0 0.25946969696969696 0.4291139240506329 0.04924242424242424 0.05569620253164557
0 0.5293560606060606 0.05063291139240506 0.03598484848484849 0.08607594936708861
0 0.3603219696969697 0.310126582278481 0.07481060606060606 0.060759493670886074
0 0.5402462121212122 0.7025316455696202 0.052083333333333336 0.07848101265822785
0 0.3816287878787879 0.6993670886075949 0.10037878787878787 0.0620253164556962
