0 0.2997159090909091 0.7063291139240506 0.10890151515151515 0.10632911392405063
0 0.4109848484848485 0.01139240506329114 0.058712121212121215 0.017721518987341773
0 0.31865530303030304 0.37911392405063293 0.1259469696969697 0.12278481012658228
0 0.45265151515151514 0.07974683544303797 0.10037878787878787 0.10379746835443038
0 0.4706439393939394 0.33860759493670883 0.05113636363636364 0.11265822784810127
0 0.5326704545454546 0.14367088607594936 0.04640151515151515 0.14050632911392405
0 0.2646780303030303 0.7164556962025317 0.04450757575757576 0.07341772151898734
0 0.49384469696969696 0.5575949367088607 0.07102272727272728 0.05949367088607595
0 0.45454545454545453 0.7120253164556962 0.11553030303030302 0.07215189873417721
0 0.4654356060606061 0.03291139240506329 0.08617424242424243 0.060759493670886074
0 0.3925189393939394 0.3367088607594937 0.052083333333333336 0.10886075949367088
0 0.4786931818181818 0.7512658227848101 0.05397727272727273 0.03417721518987342
0 0.4251893939393939 0.5101265822784811 0.12121212121212122 0.07341772151898734
0 0.41240530303030304 0.43544303797468353 0.06534090909090909 0.08860759493670886
0 0.571969696969697 0.14556962025316456 0.03787878787878788 0.10632911392405063
0 0.24242424242424243 0.47468354430379744 0.03977272727272727 0.12151898734177215
0 0.3072916666666667 0.18354430379746836 0.04261363636363636 0.09873417721518987
0 0.35700757575757575 0.2708860759493671 0.04734848484848485 0.22278481012658227
0 0.30823863636363635 0.5259493670886076 0.04071969696969697 0.09746835443037975
0 0.2987689393939394 0.419620253164557 0.0634469696969697 0.0670886075949367
0 0.5198863636363636 0.23670886075949368 0.043560606060606064 0.14177215189873418
0 0.2987689393939394 0.08670886075949367 0.05397727272727273 0.14556962025316456
0 0.29924242424242425 0.609493670886076 0.058712121212121215 0.13291139240506328
0 0.36363636363636365 0.07784810126582278 0.03409090909090909 0.09240506329113925
0 0.34375 0.7056962025316456 0.07386363636363637 0.04683544303797468
0 0.25946969696969696 0.14873417721518986 0.04734848484848485 0.16075949367088607
0 0.3508522727272727 0.46962025316455697 0.05965909090909091 0.05822784810126582
0 0.3319128787878788 0.17468354430379746 0.04071969696969697 0.189873417721519
0 0.25047348484848486 0.5886075949367089 0.05587121212121212 0.11139240506329114
0 0.41761363636363635 0.31075949367088607 0.08522727272727272 0.14556962025316456
0 0.37357954545454547 0.6031645569620253 0.09375 0.09746835443037975
0 0.2897727272727273 0.4563291139240506 0.058712121212121215 0.05189873417721519
0 0.36742424242424243 0.5455696202531646 0.09090909090909091 0.12658227848101267
0 0.34375 0.03860759493670886 0.043560606060606064 0.07215189873417721
0 0.2765151515151515 0.5221518987341772 0.030303030303030304 0.08734177215189873
0 0.3390151515151515 0.3322784810126582 0.09090909090909091 0.12278481012658228
0 0.42140151515151514 0.1860759493670886 0.06439393939393939 0.06835443037974684
0 0.3835227272727273 0.7462025316455696 0.05303030303030303 0.03670886075949367
0 0.2916666666666667 0.06329113924050633 0.07196969696969698 0.12151898734177215
0 0.390625 0.027848101265822784 0.04640151515151515 0.05063291139240506
0 0.37926136363636365 0.1341772151898734 0.05397727272727273 0.13164556962025317
0 0.4133522727272727 0.22784810126582278 0.08238636363636363 0.08354430379746836
0 0.36742424242424243 0.660126582278481 0.13257575757575757 0.07468354430379746
0 0.2869318181818182 0.25949367088607594 0.0928030303030303 0.05569620253164557
