0 0.29829545454545453 0.29050632911392404 0.0625 0.16075949367088607
0 0.4251893939393939 0.046202531645569624 0.03787878787878788 0.08734177215189873
0 0.38920454545454547 0.05886075949367089 0.03787878787878788 0.11265822784810127
0 0.28740530303030304 0.05379746835443038 0.061553030303030304 0.10253164556962026
0 0.3470643939393939 0.6436708860759494 0.04450757575757576 0.05949367088607595
0 0.3229166666666667 0.010759493670886076 0.04924242424242424 0.0189873417721519
0 0.3768939393939394 0.389873417721519 0.03977272727272727 0.1569620253164557
0 0.5833333333333334 0.6537974683544304 0.07386363636363637 0.07468354430379746
0 0.43892045454545453 0.44556962025316454 0.04450757575757576 0.08860759493670886
0 0.2821969696969697 0.7493670886075949 0.02462121212121212 0.015189873417721518
0 0.46259469696969696 0.07341772151898734 0.08428030303030302 0.12658227848101267
0 0.3584280303030303 0.032278481012658226 0.03125 0.05949367088607595
0 0.3039772727272727 0.13544303797468354 0.10606060606060606 0.08607594936708861
0 0.2845643939393939 0.6727848101265823 0.038825757575757576 0.09240506329113925
0 0.28929924242424243 0.47848101265822784 0.08806818181818182 0.14430379746835442
0 0.3338068181818182 0.4 0.050189393939393936 0.16455696202531644
0 0.375 0.14620253164556962 0.03977272727272727 0.08481012658227848
0 0.32954545454545453 0.060759493670886074 0.06628787878787878 0.10632911392405063
0 0.2618371212121212 0.6962025316455697 0.050189393939393936 0.10126582278481013
0 0.45928030303030304 0.7525316455696203 0.06628787878787878 0.03164556962025317
0 0.3158143939393939 0.7354430379746836 0.052083333333333336 0.05063291139240506
0 0.2784090909090909 0.2272151898734177 0.045454545454545456 0.16075949367088607
0 0.5724431818181818 0.03670886075949367 0.08238636363636363 0.06835443037974684
0 0.41429924242424243 0.39556962025316456 0.06534090909090909 0.1911392405063291
0 0.31202651515151514 0.37278481012658227 0.048295454545454544 0.14810126582278482
0 0.2556818181818182 0.3493670886075949 0.03598484848484849 0.10379746835443038
0 0.5989583333333334 0.41835443037974684 0.09185606060606061 0.14556962025316456
0 0.5359848484848485 0.5740506329113924 0.10037878787878787 0.08227848101265822
0 0.33428030303030304 0.6987341772151898 0.08901515151515152 0.1240506329113924
0 0.4734848484848485 0.02341772151898734 0.04924242424242424 0.04177215189873418
0 0.2821969696969697 0.5455696202531646 0.08143939393939394 0.14430379746835442
