0 0.35179924242424243 0.022151898734177215 0.052083333333333336 0.039240506329113925
0 0.2883522727272727 0.7221518987341772 0.04640151515151515 0.07215189873417721
0 0.32575757575757575 0.4689873417721519 0.09848484848484848 0.18354430379746836
0 0.5009469696969697 0.3943037974683544 0.03977272727272727 0.12278481012658228
0 0.37263257575757575 0.15379746835443037 0.08996212121212122 0.1
0 0.28882575757575757 0.0379746835443038 0.06628787878787878 0.06835443037974684
0 0.34232954545454547 0.7037974683544304 0.08806818181818182 0.04810126582278481
0 0.3016098484848485 0.010759493670886076 0.035037878787878785 0.016455696202531647
0 0.2741477272727273 0.6556962025316456 0.048295454545454544 0.0759493670886076
0 0.4649621212121212 0.6791139240506329 0.11931818181818182 0.08734177215189873
0 0.5255681818181818 0.7417721518987341 0.05303030303030303 0.053164556962025315
0 0.4640151515151515 0.30949367088607593 0.041666666666666664 0.2088607594936709
0 0.25047348484848486 0.5981012658227848 0.036931818181818184 0.14303797468354432
0 0.2831439393939394 0.46139240506329116 0.06628787878787878 0.12531645569620253
0 0.30113636363636365 0.13734177215189874 0.08712121212121213 0.18860759493670887
0 0.44696969696969696 0.4278481012658228 0.0625 0.14430379746835442
0 0.39488636363636365 0.06962025316455696 0.041666666666666664 0.13164556962025317
0 0.34138257575757575 0.6569620253164556 0.11458333333333333 0.060759493670886074
0 0.31676136363636365 0.20379746835443038 0.10321969696969698 0.09113924050632911
0 0.3385416666666667 0.17025316455696202 0.09375 0.11012658227848102
0 0.32670454545454547 0.6132911392405064 0.12310606060606061 0.11518987341772152
0 0.3958333333333333 0.5784810126582278 0.06439393939393939 0.09620253164556962
0 0.29071969696969696 0.24113924050632912 0.054924242424242424 0.06455696202531645
0 0.36174242424242425 0.056962025316455694 0.043560606060606064 0.10379746835443038
0 0.29071969696969696 0.31708860759493673 0.07575757575757576 0.14303797468354432
0 0.3404356060606061 0.5506329113924051 0.05397727272727273 0.05569620253164557
0 0.5397727272727273 0.5063291139240507 0.058712121212121215 0.17721518987341772
0 0.3522727272727273 0.3449367088607595 0.07007575757575757 0.049367088607594936
0 0.34517045454545453 0.7398734177215189 0.06534090909090909 0.04177215189873418
0 0.4256628787878788 0.12658227848101267 0.038825757575757576 0.09367088607594937
