0 0.3352272727272727 0.7170886075949368 0.05303030303030303 0.08481012658227848
0 0.3446969696969697 0.015189873417721518 0.028409090909090908 0.02531645569620253
0 0.3678977272727273 0.7291139240506329 0.038825757575757576 0.06835443037974684
0 0.4322916666666667 0.4430379746835443 0.05397727272727273 0.1620253164556962
0 0.2902462121212121 0.7417721518987341 0.03314393939393939 0.03291139240506329
0 0.40577651515151514 0.05126582278481013 0.09564393939393939 0.09746835443037975
0 0.5213068181818182 0.640506329113924 0.10132575757575757 0.10632911392405063
0 0.36884469696969696 0.09936708860759494 0.10321969696969698 0.07721518987341772
0 0.4910037878787879 0.6645569620253164 0.10132575757575757 0.1291139240506329
0 0.3944128787878788 0.5721518987341773 0.05965909090909091 0.06582278481012659
0 0.3181818181818182 0.025949367088607594 0.03409090909090909 0.04683544303797468
0 0.2727272727272727 0.48037974683544304 0.08143939393939394 0.1379746835443038
0 0.2637310606060606 0.30632911392405066 0.036931818181818184 0.15443037974683543
0 0.3409090909090909 0.7151898734177216 0.041666666666666664 0.0810126582278481
0 0.30823863636363635 0.1810126582278481 0.11837121212121213 0.06329113924050633
0 0.3390151515151515 0.3082278481012658 0.12121212121212122 0.06962025316455696
0 0.4966856060606061 0.3620253164556962 0.07102272727272728 0.08354430379746836
0 0.28740530303030304 0.5765822784810126 0.061553030303030304 0.10253164556962026
0 0.31392045454545453 0.38924050632911394 0.050189393939393936 0.0670886075949367
0 0.2765151515151515 0.6234177215189873 0.07954545454545454 0.1
0 0.2940340909090909 0.05379746835443038 0.04261363636363636 0.10253164556962026
0 0.3243371212121212 0.5063291139240507 0.08617424242424243 0.10632911392405063
0 0.3446969696969697 0.239873417721519 0.12121212121212122 0.0670886075949367
0 0.26704545454545453 0.6715189873417722 0.07954545454545454 0.11265822784810127
0 0.3716856060606061 0.6246835443037975 0.036931818181818184 0.11012658227848102
0 0.7225378787878788 0.7284810126582278 0.10606060606060606 0.06455696202531645
0 0.29734848484848486 0.12974683544303797 0.0928030303030303 0.0620253164556962
0 0.25142045454545453 0.7151898734177216 0.04450757575757576 0.07088607594936709
0 0.5194128787878788 0.2310126582278481 0.050189393939393936 0.18354430379746836
0 0.6335227272727273 0.720886075949367 0.08143939393939394 0.08481012658227848
0 0.33617424242424243 0.6272151898734177 0.045454545454545456 0.17848101265822786
0 0.32196969696969696 0.7379746835443038 0.030303030303030304 0.043037974683544304
0 0.390625 0.45569620253164556 0.06534090909090909 0.16455696202531644
0 0.3536931818181818 0.41012658227848103 0.07481060606060606 0.10632911392405063
