0 0.4966856060606061 0.5063291139240507 0.04261363636363636 0.0759493670886076
0 0.32954545454545453 0.030379746835443037 0.032196969696969696 0.05569620253164557
0 0.3006628787878788 0.3949367088607595 0.052083333333333336 0.12658227848101267
0 0.48295454545454547 0.17088607594936708 0.12310606060606061 0.09113924050632911
0 0.3006628787878788 0.7082278481012658 0.03314393939393939 0.08227848101265822
0 0.4876893939393939 0.589240506329114 0.043560606060606064 0.08987341772151898
0 0.43323863636363635 0.7329113924050633 0.08238636363636363 0.06835443037974684
0 0.3271780303030303 0.7164556962025317 0.08238636363636363 0.08354430379746836
0 0.36174242424242425 0.3183544303797468 0.05113636363636364 0.16075949367088607
0 0.4981060606060606 0.6949367088607595 0.04924242424242424 0.12658227848101267
0 0.4479166666666667 0.6227848101265823 0.04924242424242424 0.21518987341772153
0 0.34327651515151514 0.7126582278481013 0.052083333333333336 0.0379746835443038
0 0.30303030303030304 0.09113924050632911 0.11174242424242424 0.10379746835443038
0 0.4408143939393939 0.007594936708860759 0.023674242424242424 0.015189873417721518
0 0.4270833333333333 0.43860759493670887 0.11174242424242424 0.056962025316455694
0 0.3172348484848485 0.5708860759493671 0.03977272727272727 0.15949367088607594
0 0.2859848484848485 0.5278481012658228 0.04734848484848485 0.1468354430379747
0 0.2831439393939394 0.24113924050632912 0.05113636363636364 0.14303797468354432
0 0.42045454545454547 0.06518987341772152 0.11174242424242424 0.12531645569620253
0 0.35984848484848486 0.46139240506329116 0.06060606060606061 0.07974683544303797
0 0.32670454545454547 0.17974683544303796 0.043560606060606064 0.1518987341772152
0 0.28551136363636365 0.6411392405063291 0.04450757575757576 0.08481012658227848
0 0.4071969696969697 0.600632911392405 0.03787878787878788 0.16582278481012658
0 0.3366477272727273 0.489873417721519 0.04640151515151515 0.06582278481012659
0 0.29640151515151514 0.19050632911392404 0.04734848484848485 0.12278481012658228
0 0.24573863636363635 0.6544303797468355 0.04261363636363636 0.16455696202531644
0 0.5435606060606061 0.7183544303797469 0.043560606060606064 0.09746835443037975
0 0.3574810606060606 0.6088607594936709 0.035037878787878785 0.17215189873417722
0 0.29640151515151514 0.04050632911392405 0.03977272727272727 0.0810126582278481
0 0.2646780303030303 0.46645569620253163 0.050189393939393936 0.08734177215189873
0 0.32954545454545453 0.3227848101265823 0.04924242424242424 0.1341772151898734
0 0.2585227272727273 0.3487341772151899 0.05113636363636364 0.15822784810126583
0 0.3527462121212121 0.7417721518987341 0.05965909090909091 0.043037974683544304
0 0.2713068181818182 0.018354430379746836 0.016098484848484848 0.03164556962025317
0 0.390625 0.3911392405063291 0.05965909090909091 0.09113924050632911
0 0.36363636363636365 0.17531645569620252 0.03598484848484849 0.15316455696202533
0 0.40198863636363635 0.26139240506329114 0.04261363636363636 0.16835443037974684
0 0.5260416666666666 0.07151898734177216 0.08428030303030302 0.11012658227848102
0 0.6434659090909091 0.12784810126582277 0.06723484848484848 0.04810126582278481
0 0.31013257575757575 0.7367088607594937 0.048295454545454544 0.04556962025316456
0 0.32859848484848486 0.6512658227848102 0.041666666666666664 0.14810126582278482
