0 0.42424242424242425 0.7183544303797469 0.056818181818181816 0.08987341772151898
0 0.5146780303030303 0.3550632911392405 0.036931818181818184 0.049367088607594936
0 0.2608901515151515 0.710126582278481 0.05965909090909091 0.08607594936708861
0 0.3887310606060606 0.2683544303797468 0.07859848484848485 0.1468354430379747
0 0.4881628787878788 0.6582278481012658 0.05965909090909091 0.13164556962025317
0 0.4933712121212121 0.7474683544303797 0.0928030303030303 0.039240506329113925
0 0.3972537878787879 0.589240506329114 0.07102272727272728 0.14556962025316456
0 0.3787878787878788 0.6753164556962026 0.08333333333333333 0.07468354430379746
0 0.3494318181818182 0.060759493670886074 0.03977272727272727 0.11645569620253164
0 0.3702651515151515 0.46455696202531643 0.06060606060606061 0.15949367088607594
0 0.48200757575757575 0.3651898734177215 0.05303030303030303 0.15316455696202533
0 0.4275568181818182 0.5740506329113924 0.04071969696969697 0.0670886075949367
0 0.2859848484848485 0.008860759493670886 0.013257575757575758 0.012658227848101266
0 0.4971590909090909 0.13354430379746834 0.11742424242424243 0.11265822784810127
0 0.23863636363636365 0.729746835443038 0.07575757575757576 0.049367088607594936
0 0.32765151515151514 0.2449367088607595 0.058712121212121215 0.1
0 0.4862689393939394 0.5025316455696203 0.05965909090909091 0.1291139240506329
0 0.3816287878787879 0.3341772151898734 0.058712121212121215 0.09873417721518987
0 0.2997159090909091 0.3911392405063291 0.12215909090909091 0.06835443037974684
0 0.39015151515151514 0.07088607594936709 0.043560606060606064 0.13670886075949368
0 0.2997159090909091 0.09240506329113925 0.05965909090909091 0.13924050632911392
0 0.29071969696969696 0.6886075949367089 0.043560606060606064 0.13670886075949368
0 0.32954545454545453 0.6164556962025316 0.11174242424242424 0.06329113924050633
0 0.3252840909090909 0.730379746835443 0.038825757575757576 0.060759493670886074
0 0.28929924242424243 0.20126582278481012 0.04261363636363636 0.09620253164556962
0 0.5350378787878788 0.6462025316455696 0.043560606060606064 0.17088607594936708
0 0.30303030303030304 0.5082278481012659 0.06439393939393939 0.15822784810126583
0 0.3181818181818182 0.35443037974683544 0.07765151515151515 0.06329113924050633
0 0.25236742424242425 0.580379746835443 0.04071969696969697 0.17088607594936708
0 0.3134469696969697 0.3037974683544304 0.07575757575757576 0.05063291139240506
0 0.328125 0.560126582278481 0.04071969696969697 0.05443037974683544
0 0.3006628787878788 0.03734177215189873 0.05397727272727273 0.06962025316455696
0 0.32859848484848486 0.6708860759493671 0.032196969696969696 0.06835443037974684
0 0.4053030303030303 0.4911392405063291 0.041666666666666664 0.13670886075949368
0 0.4356060606060606 0.360126582278481 0.05113636363636364 0.10506329113924051
0 0.3683712121212121 0.7360759493670886 0.05303030303030303 0.05443037974683544
0 0.5099431818181818 0.024050632911392405 0.04640151515151515 0.043037974683544304
