0 0.3162878787878788 0.5487341772151899 0.05113636363636364 0.07974683544303797
0 0.3380681818181818 0.28037974683544303 0.054924242424242424 0.07468354430379746
0 0.5340909090909091 0.10253164556962026 0.07954545454545454 0.06329113924050633
0 0.46448863636363635 0.3246835443037975 0.048295454545454544 0.17848101265822786
0 0.42613636363636365 0.035443037974683546 0.045454545454545456 0.06582278481012659
0 0.40672348484848486 0.7246835443037974 0.09185606060606061 0.0670886075949367
0 0.26704545454545453 0.07658227848101266 0.03409090909090909 0.10253164556962026
0 0.35321969696969696 0.6151898734177215 0.03787878787878788 0.07848101265822785
0 0.36742424242424243 0.2563291139240506 0.09090909090909091 0.10253164556962026
0 0.3143939393939394 0.6550632911392406 0.03977272727272727 0.13037974683544304
0 0.4152462121212121 0.5588607594936709 0.1278409090909091 0.05949367088607595
0 0.3058712121212121 0.11835443037974684 0.041666666666666664 0.08987341772151898
0 0.3290719696969697 0.06329113924050633 0.061553030303030304 0.10379746835443038
0 0.4356060606060606 0.1810126582278481 0.13446969696969696 0.053164556962025315
0 0.36742424242424243 0.38354430379746834 0.06818181818181818 0.7569620253164557
0 0.26515151515151514 0.7132911392405064 0.054924242424242424 0.08734177215189873
0 0.33428030303030304 0.1550632911392405 0.03977272727272727 0.08734177215189873
0 0.3252840909090909 0.7234177215189873 0.048295454545454544 0.07215189873417721
0 0.4327651515151515 0.2879746835443038 0.05303030303030303 0.16075949367088607
0 0.3996212121212121 0.21962025316455697 0.04734848484848485 0.08481012658227848
0 0.29734848484848486 0.34240506329113923 0.06628787878787878 0.07974683544303797
0 0.4029356060606061 0.06962025316455696 0.19412878787878787 0.11392405063291139
0 0.5047348484848485 0.30759493670886073 0.054924242424242424 0.18734177215189873
0 0.36174242424242425 0.19240506329113924 0.03977272727272727 0.08607594936708861
0 0.2930871212121212 0.24430379746835443 0.05587121212121212 0.15949367088607594
0 0.2627840909090909 0.660126582278481 0.06912878787878787 0.14050632911392405
0 0.3873106060606061 0.620253164556962 0.03787878787878788 0.06582278481012659
0 0.3693181818181818 0.6759493670886076 0.12310606060606061 0.05822784810126582
0 0.3016098484848485 0.4981012658227848 0.02556818181818182 0.03417721518987342
0 0.34232954545454547 0.38924050632911394 0.052083333333333336 0.07721518987341772
0 0.28551136363636365 0.16962025316455695 0.036931818181818184 0.11139240506329114
0 0.38825757575757575 0.48481012658227846 0.03977272727272727 0.10632911392405063
0 0.35700757575757575 0.03670886075949367 0.03598484848484849 0.06329113924050633
0 0.5279356060606061 0.5189873417721519 0.07102272727272728 0.16962025316455695
0 0.3584280303030303 0.4341772151898734 0.05587121212121212 0.06835443037974684
0 0.2784090909090909 0.44113924050632913 0.04734848484848485 0.12278481012658228
0 0.32765151515151514 0.47215189873417723 0.07575757575757576 0.17721518987341772
0 0.24384469696969696 0.5082278481012659 0.03125 0.10506329113924051
0 0.3248106060606061 0.34556962025316457 0.0625 0.08860759493670886
0 0.24952651515151514 0.4006329113924051 0.027462121212121212 0.14810126582278482
0 0.3191287878787879 0.13544303797468354 0.06818181818181818 0.1240506329113924
0 0.32007575757575757 0.02341772151898734 0.04734848484848485 0.04177215189873418
0 0.31202651515151514 0.5379746835443038 0.04261363636363636 0.05569620253164557
0 0.38920454545454547 0.37151898734177213 0.04734848484848485 0.14810126582278482
0 0.28882575757575757 0.03670886075949367 0.028409090909090908 0.06835443037974684
0 0.5108901515151515 0.012025316455696202 0.05587121212121212 0.0189873417721519
0 0.38446969696969696 0.05379746835443038 0.041666666666666664 0.10253164556962026
0 0.25757575757575757 0.2208860759493671 0.03977272727272727 0.16075949367088607
0 0.41429924242424243 0.13164556962025317 0.10700757575757576 0.053164556962025315
0 0.2779356060606061 0.5556962025316455 0.036931818181818184 0.1569620253164557
