0 0.2897727272727273 0.7316455696202532 0.06060606060606061 0.053164556962025315
0 0.45075757575757575 0.10126582278481013 0.043560606060606064 0.16455696202531644
0 0.4081439393939394 0.039240506329113925 0.03787878787878788 0.07341772151898734
0 0.3508522727272727 0.09113924050632911 0.15056818181818182 0.053164556962025315
0 0.4630681818181818 0.7145569620253165 0.056818181818181816 0.06455696202531645
0 0.33948863636363635 0.3284810126582278 0.07859848484848485 0.15316455696202533
0 0.3106060606060606 0.660126582278481 0.07007575757575757 0.10759493670886076
0 0.265625 0.4151898734177215 0.06723484848484848 0.10379746835443038
0 0.3087121212121212 0.09177215189873418 0.07575757575757576 0.12025316455696203
0 0.44176136363636365 0.46139240506329116 0.04450757575757576 0.14556962025316456
0 0.2902462121212121 0.2955696202531646 0.03314393939393939 0.08481012658227848
0 0.3271780303030303 0.24430379746835443 0.036931818181818184 0.12658227848101267
0 0.2831439393939394 0.1810126582278481 0.056818181818181816 0.15443037974683543
0 0.3678977272727273 0.03481012658227848 0.027462121212121212 0.06455696202531645
0 0.3053977272727273 0.429746835443038 0.07481060606060606 0.07215189873417721
0 0.3371212121212121 0.043037974683544304 0.03977272727272727 0.0810126582278481
0 0.2793560606060606 0.6417721518987342 0.06439393939393939 0.12151898734177215
0 0.34327651515151514 0.7284810126582278 0.06912878787878787 0.0670886075949367
0 0.25426136363636365 0.05 0.036931818181818184 0.0949367088607595
0 0.3072916666666667 0.15886075949367087 0.038825757575757576 0.07215189873417721
0 0.5222537878787878 0.032278481012658226 0.06723484848484848 0.05949367088607595
0 0.3783143939393939 0.1778481012658228 0.10511363636363637 0.07468354430379746
0 0.3077651515151515 0.03291139240506329 0.03598484848484849 0.060759493670886074
0 0.27982954545454547 0.21962025316455697 0.08996212121212122 0.10759493670886076
0 0.5179924242424242 0.08227848101265822 0.06060606060606061 0.10126582278481013
0 0.2784090909090909 0.010759493670886076 0.028409090909090908 0.016455696202531647
0 0.3858901515151515 0.1360759493670886 0.07670454545454546 0.056962025316455694
