0 0.2840909090909091 0.7240506329113924 0.08333333333333333 0.053164556962025315
0 0.29640151515151514 0.27531645569620256 0.07386363636363637 0.09240506329113925
0 0.5 0.10632911392405063 0.09659090909090909 0.11139240506329114
0 0.3839962121212121 0.07215189873417721 0.03125 0.10126582278481013
0 0.43797348484848486 0.4930379746835443 0.06534090909090909 0.0670886075949367
0 0.34990530303030304 0.7113924050632912 0.04640151515151515 0.04556962025316456
0 0.3683712121212121 0.3430379746835443 0.06060606060606061 0.08607594936708861
0 0.4583333333333333 0.7044303797468354 0.06439393939393939 0.09746835443037975
0 0.4569128787878788 0.5607594936708861 0.11458333333333333 0.0810126582278481
0 0.3522727272727273 0.07088607594936709 0.04734848484848485 0.13670886075949368
0 0.31107954545454547 0.05126582278481013 0.05397727272727273 0.09746835443037975
0 0.2864583333333333 0.20443037974683545 0.06534090909090909 0.06962025316455696
0 0.3522727272727273 0.1341772151898734 0.03977272727272727 0.04810126582278481
0 0.3404356060606061 0.7474683544303797 0.04071969696969697 0.02911392405063291
0 0.44365530303030304 0.429746835443038 0.04071969696969697 0.0620253164556962
0 0.37926136363636365 0.18670886075949367 0.03314393939393939 0.11772151898734177
0 0.3153409090909091 0.29240506329113924 0.05303030303030303 0.053164556962025315
0 0.25946969696969696 0.23354430379746835 0.01893939393939394 0.024050632911392405
0 0.4128787878787879 0.027848101265822784 0.04924242424242424 0.05063291139240506
0 0.5108901515151515 0.3987341772151899 0.10511363636363637 0.12151898734177215
0 0.35179924242424243 0.22974683544303798 0.04071969696969697 0.14810126582278482
0 0.5056818181818182 0.7569620253164557 0.032196969696969696 0.02278481012658228
0 0.2755681818181818 0.3924050632911392 0.07954545454545454 0.12658227848101267
0 0.3328598484848485 0.429746835443038 0.04450757575757576 0.12278481012658228
0 0.2840909090909091 0.11962025316455696 0.06439393939393939 0.11772151898734177
0 0.3025568181818182 0.629746835443038 0.04640151515151515 0.21645569620253163
0 0.3963068181818182 0.740506329113924 0.05397727272727273 0.04810126582278481
0 0.3925189393939394 0.520253164556962 0.03125 0.20506329113924052
0 0.5279356060606061 0.08417721518987342 0.09564393939393939 0.09746835443037975
0 0.3300189393939394 0.5791139240506329 0.038825757575757576 0.16075949367088607
0 0.26325757575757575 0.15379746835443037 0.03977272727272727 0.0670886075949367
0 0.2599431818181818 0.5765822784810126 0.038825757575757576 0.12278481012658228
0 0.29829545454545453 0.07215189873417721 0.06818181818181818 0.09620253164556962
0 0.3555871212121212 0.49936708860759493 0.04450757575757576 0.07974683544303797
0 0.2637310606060606 0.4487341772151899 0.05397727272727273 0.13037974683544304
0 0.30492424242424243 0.37721518987341773 0.07575757575757576 0.1189873417721519
0 0.3428030303030303 0.16645569620253164 0.056818181818181816 0.11012658227848102
0 0.4071969696969697 0.39177215189873416 0.04734848484848485 0.0670886075949367
0 0.3716856060606061 0.2721518987341772 0.027462121212121212 0.053164556962025315
0 0.2703598484848485 0.27658227848101263 0.036931818181818184 0.1
0 0.40672348484848486 0.26329113924050634 0.038825757575757576 0.12658227848101267
0 0.6420454545454546 0.18227848101265823 0.07386363636363637 0.12151898734177215
