0 0.3347537878787879 0.0670886075949367 0.050189393939393936 0.1291139240506329
0 0.3158143939393939 0.3329113924050633 0.07291666666666667 0.14430379746835442
0 0.44507575757575757 0.25759493670886074 0.04734848484848485 0.14810126582278482
0 0.3001893939393939 0.6943037974683545 0.056818181818181816 0.13037974683544304
0 0.3873106060606061 0.1189873417721519 0.08712121212121213 0.08354430379746836
0 0.4862689393939394 0.5702531645569621 0.06534090909090909 0.0620253164556962
0 0.3039772727272727 0.12658227848101267 0.028409090909090908 0.030379746835443037
0 0.3560606060606061 0.6329113924050633 0.07196969696969698 0.1569620253164557
0 0.30823863636363635 0.016455696202531647 0.03314393939393939 0.027848101265822784
0 0.36742424242424243 0.08291139240506329 0.058712121212121215 0.08481012658227848
0 0.4043560606060606 0.6018987341772152 0.03409090909090909 0.049367088607594936
0 0.2793560606060606 0.046202531645569624 0.030303030303030304 0.08734177215189873
0 0.2646780303030303 0.5455696202531646 0.07481060606060606 0.1240506329113924
0 0.42329545454545453 0.0189873417721519 0.056818181818181816 0.03291139240506329
0 0.3371212121212121 0.19746835443037974 0.13068181818181818 0.09873417721518987
0 0.453125 0.3689873417721519 0.050189393939393936 0.16075949367088607
0 0.2608901515151515 0.24936708860759493 0.03125 0.06835443037974684
0 0.39488636363636365 0.02911392405063291 0.06628787878787878 0.053164556962025315
0 0.32765151515151514 0.5854430379746836 0.07196969696969698 0.12025316455696203
0 0.2897727272727273 0.5253164556962026 0.125 0.16455696202531644
0 0.2675189393939394 0.7088607594936709 0.048295454545454544 0.09367088607594937
0 0.4303977272727273 0.6974683544303798 0.07481060606060606 0.13670886075949368
0 0.3887310606060606 0.7018987341772152 0.06534090909090909 0.12278481012658228
0 0.3006628787878788 0.5569620253164557 0.07859848484848485 0.13670886075949368
0 0.3399621212121212 0.2936708860759494 0.05113636363636364 0.09873417721518987
0 0.3319128787878788 0.16265822784810127 0.08049242424242424 0.05949367088607595
0 0.32007575757575757 0.47025316455696203 0.06439393939393939 0.05443037974683544
0 0.5037878787878788 0.043670886075949364 0.056818181818181816 0.08227848101265822
0 0.29829545454545453 0.08164556962025317 0.041666666666666664 0.10759493670886076
0 0.2689393939393939 0.3962025316455696 0.043560606060606064 0.1620253164556962
0 0.3087121212121212 0.3981012658227848 0.05113636363636364 0.10253164556962026
0 0.37357954545454547 0.7386075949367089 0.03314393939393939 0.049367088607594936
0 0.3072916666666667 0.31645569620253167 0.05776515151515151 0.11139240506329114
0 0.5572916666666666 0.7031645569620253 0.11837121212121213 0.08227848101265822
0 0.3896780303030303 0.2626582278481013 0.08996212121212122 0.07468354430379746
0 0.4635416666666667 0.6316455696202532 0.10890151515151515 0.05822784810126582
0 0.2708333333333333 0.14367088607594936 0.04924242424242424 0.11012658227848102
0 0.4256628787878788 0.49936708860759493 0.07481060606060606 0.05949367088607595
0 0.375 0.35632911392405064 0.05303030303030303 0.1962025316455696
0 0.5208333333333334 0.2158227848101266 0.08333333333333333 0.0670886075949367
