0 0.3446969696969697 0.05189873417721519 0.06439393939393939 0.09873417721518987
0 0.2959280303030303 0.7341772151898734 0.04071969696969697 0.04810126582278481
0 0.34375 0.3183544303797468 0.05113636363636364 0.15822784810126583
0 0.4734848484848485 0.0759493670886076 0.10037878787878787 0.05569620253164557
0 0.41240530303030304 0.7430379746835443 0.061553030303030304 0.04556962025316456
0 0.4805871212121212 0.31518987341772153 0.09753787878787878 0.10632911392405063
0 0.4862689393939394 0.25253164556962027 0.08238636363636363 0.08734177215189873
0 0.40198863636363635 0.16139240506329114 0.0634469696969697 0.16075949367088607
0 0.4588068181818182 0.5620253164556962 0.09753787878787878 0.1189873417721519
0 0.4412878787878788 0.13734177215189874 0.07007575757575757 0.16835443037974684
0 0.42613636363636365 0.4563291139240506 0.056818181818181816 0.17088607594936708
0 0.2803030303030303 0.03291139240506329 0.056818181818181816 0.060759493670886074
0 0.37452651515151514 0.5759493670886076 0.050189393939393936 0.06329113924050633
0 0.3712121212121212 0.4727848101265823 0.06818181818181818 0.05443037974683544
0 0.46875 0.6474683544303798 0.15151515151515152 0.12531645569620253
0 0.3697916666666667 0.07974683544303797 0.07102272727272728 0.13670886075949368
0 0.24952651515151514 0.43037974683544306 0.05965909090909091 0.15949367088607594
0 0.3025568181818182 0.29430379746835444 0.04450757575757576 0.11012658227848102
0 0.34801136363636365 0.6367088607594936 0.035037878787878785 0.10379746835443038
0 0.3134469696969697 0.17341772151898735 0.04734848484848485 0.1518987341772152
0 0.5672348484848485 0.7107594936708861 0.03787878787878788 0.11012658227848102
0 0.3153409090909091 0.5816455696202532 0.0625 0.09240506329113925
0 0.44176136363636365 0.02088607594936709 0.05587121212121212 0.03670886075949367
0 0.5246212121212122 0.34050632911392403 0.11553030303030302 0.10886075949367088
0 0.2793560606060606 0.5468354430379747 0.08522727272727272 0.11392405063291139
0 0.3626893939393939 0.25253164556962027 0.045454545454545456 0.13037974683544304
0 0.27982954545454547 0.649367088607595 0.048295454545454544 0.1189873417721519
0 0.3333333333333333 0.41835443037974684 0.054924242424242424 0.13544303797468354
0 0.32007575757575757 0.6987341772151898 0.043560606060606064 0.12151898734177215
0 0.2821969696969697 0.21455696202531646 0.03598484848484849 0.14303797468354432
0 0.5260416666666666 0.6993670886075949 0.04450757575757576 0.13544303797468354
0 0.24384469696969696 0.6905063291139241 0.07102272727272728 0.12784810126582277
0 0.31297348484848486 0.04556962025316456 0.05397727272727273 0.08607594936708861
0 0.30113636363636365 0.43227848101265826 0.045454545454545456 0.13291139240506328
0 0.375 0.380379746835443 0.03977272727272727 0.13037974683544304
0 0.3934659090909091 0.22341772151898734 0.05965909090909091 0.14303797468354432
0 0.4185606060606061 0.330379746835443 0.056818181818181816 0.13164556962025317
0 0.2589962121212121 0.2848101265822785 0.04450757575757576 0.16455696202531644
0 0.3683712121212121 0.6917721518987342 0.05303030303030303 0.1379746835443038
0 0.49242424242424243 0.02531645569620253 0.056818181818181816 0.04556962025316456
0 0.37736742424242425 0.5246835443037975 0.10890151515151515 0.07468354430379746
0 0.5625 0.13987341772151898 0.11553030303030302 0.08481012658227848
0 0.2760416666666667 0.5575949367088607 0.09753787878787878 0.1379746835443038
