0 0.2864583333333333 0.6088607594936709 0.05587121212121212 0.10632911392405063
0 0.32670454545454547 0.19936708860759494 0.0625 0.16582278481012658
0 0.44696969696969696 0.020253164556962026 0.041666666666666664 0.035443037974683546
0 0.46259469696969696 0.15632911392405063 0.04450757575757576 0.0670886075949367
0 0.39299242424242425 0.060759493670886074 0.08333333333333333 0.05822784810126582
0 0.37452651515151514 0.11075949367088607 0.10700757575757576 0.049367088607594936
0 0.28172348484848486 0.01708860759493671 0.02556818181818182 0.02911392405063291
0 0.3740530303030303 0.43481012658227847 0.06439393939393939 0.14556962025316456
0 0.3347537878787879 0.018354430379746836 0.02556818181818182 0.03164556962025317
0 0.4384469696969697 0.4417721518987342 0.045454545454545456 0.10126582278481013
0 0.35179924242424243 0.04430379746835443 0.06723484848484848 0.0810126582278481
0 0.27698863636363635 0.1360759493670886 0.04071969696969697 0.16329113924050634
0 0.4337121212121212 0.23291139240506328 0.07954545454545454 0.04810126582278481
0 0.3035037878787879 0.5265822784810127 0.05776515151515151 0.1341772151898734
0 0.34422348484848486 0.48670886075949366 0.08806818181818182 0.05949367088607595
0 0.3039772727272727 0.060759493670886074 0.03409090909090909 0.11645569620253164
0 0.2552083333333333 0.48227848101265824 0.036931818181818184 0.08860759493670886
0 0.3740530303030303 0.7493670886075949 0.07386363636363637 0.030379746835443037
0 0.32859848484848486 0.3721518987341772 0.05113636363636364 0.09113924050632911
0 0.37547348484848486 0.15822784810126583 0.07291666666666667 0.05063291139240506
0 0.4081439393939394 0.019620253164556962 0.03977272727272727 0.03417721518987342
