0 0.3214962121212121 0.720886075949367 0.08617424242424243 0.07974683544303797
0 0.4862689393939394 0.06645569620253164 0.05397727272727273 0.12531645569620253
0 0.4725378787878788 0.37151898734177213 0.041666666666666664 0.17341772151898735
0 0.2845643939393939 0.7373417721518988 0.05587121212121212 0.04177215189873418
0 0.4327651515151515 0.039873417721518985 0.03977272727272727 0.07468354430379746
0 0.4152462121212121 0.6911392405063291 0.04071969696969697 0.10886075949367088
0 0.2779356060606061 0.015822784810126583 0.02556818181818182 0.026582278481012658
0 0.3816287878787879 0.6221518987341772 0.03977272727272727 0.16075949367088607
0 0.36079545454545453 0.7132911392405064 0.09090909090909091 0.1
0 0.3839962121212121 0.06392405063291139 0.06912878787878787 0.12278481012658228
0 0.28361742424242425 0.4816455696202532 0.05397727272727273 0.16329113924050634
0 0.5355113636363636 0.37911392405063293 0.07481060606060606 0.07215189873417721
0 0.3465909090909091 0.6056962025316456 0.043560606060606064 0.13037974683544304
0 0.28882575757575757 0.10949367088607595 0.041666666666666664 0.16075949367088607
0 0.38446969696969696 0.1911392405063291 0.032196969696969696 0.09113924050632911
0 0.3494318181818182 0.20253164556962025 0.03977272727272727 0.1569620253164557
0 0.2850378787878788 0.6626582278481012 0.08333333333333333 0.12784810126582277
0 0.33049242424242425 0.07278481012658228 0.03787878787878788 0.14050632911392405
0 0.4034090909090909 0.2936708860759494 0.07386363636363637 0.11392405063291139
0 0.3404356060606061 0.5354430379746835 0.08049242424242424 0.1291139240506329
0 0.2665719696969697 0.5886075949367089 0.06912878787878787 0.06582278481012659
0 0.36079545454545453 0.37531645569620253 0.11174242424242424 0.08227848101265822
0 0.3068181818181818 0.006962025316455696 0.017045454545454544 0.008860759493670886
0 0.41950757575757575 0.21455696202531646 0.03977272727272727 0.12784810126582277
