0 0.3001893939393939 0.7291139240506329 0.05303030303030303 0.060759493670886074
0 0.41761363636363635 0.06139240506329114 0.0928030303030303 0.04683544303797468
0 0.36742424242424243 0.19430379746835444 0.11742424242424243 0.08481012658227848
0 0.3778409090909091 0.6341772151898735 0.0928030303030303 0.06582278481012659
0 0.26799242424242425 0.5455696202531646 0.056818181818181816 0.1620253164556962
0 0.3025568181818182 0.5069620253164557 0.036931818181818184 0.18860759493670887
0 0.34375 0.6879746835443038 0.022727272727272728 0.04177215189873418
0 0.4185606060606061 0.5518987341772152 0.04924242424242424 0.14177215189873418
0 0.3177083333333333 0.6582278481012658 0.05587121212121212 0.07848101265822785
0 0.32765151515151514 0.3670886075949367 0.04734848484848485 0.1189873417721519
0 0.33759469696969696 0.5430379746835443 0.036931818181818184 0.12151898734177215
0 0.25047348484848486 0.7107594936708861 0.05587121212121212 0.08734177215189873
0 0.3797348484848485 0.7056962025316456 0.06060606060606061 0.10506329113924051
0 0.5165719696969697 0.7253164556962025 0.048295454545454544 0.08354430379746836
0 0.35984848484848486 0.3120253164556962 0.03977272727272727 0.1860759493670886
0 0.39820075757575757 0.3018987341772152 0.036931818181818184 0.12278481012658228
0 0.34375 0.7259493670886076 0.07765151515151515 0.07468354430379746
