0 0.3053977272727273 0.6556962025316456 0.1278409090909091 0.11392405063291139
0 0.40198863636363635 0.043670886075949364 0.05397727272727273 0.08227848101265822
0 0.3290719696969697 0.3740506329113924 0.06912878787878787 0.06455696202531645
0 0.47679924242424243 0.08924050632911393 0.13920454545454544 0.07721518987341772
0 0.36079545454545453 0.7348101265822785 0.07575757575757576 0.056962025316455694
0 0.5288825757575758 0.1468354430379747 0.038825757575757576 0.10126582278481013
0 0.42424242424242425 0.11772151898734177 0.045454545454545456 0.13670886075949368
0 0.4498106060606061 0.6651898734177215 0.08712121212121213 0.14810126582278482
0 0.3806818181818182 0.4550632911392405 0.08712121212121213 0.13037974683544304
0 0.2883522727272727 0.02911392405063291 0.048295454545454544 0.053164556962025315
0 0.390625 0.2974683544303797 0.11268939393939394 0.06329113924050633
0 0.3565340909090909 0.3392405063291139 0.08049242424242424 0.053164556962025315
0 0.45170454545454547 0.6512658227848102 0.20643939393939395 0.14303797468354432
0 0.3522727272727273 0.06582278481012659 0.04924242424242424 0.12658227848101267
0 0.3835227272727273 0.389873417721519 0.04734848484848485 0.07088607594936709
0 0.39678030303030304 0.5158227848101266 0.07196969696969698 0.12784810126582277
0 0.2528409090909091 0.46645569620253163 0.03787878787878788 0.16835443037974684
0 0.4393939393939394 0.37531645569620253 0.05303030303030303 0.14050632911392405
0 0.3191287878787879 0.4911392405063291 0.03977272727272727 0.09113924050632911
0 0.3446969696969697 0.22468354430379747 0.043560606060606064 0.15316455696202533
0 0.2845643939393939 0.4860759493670886 0.04071969696969697 0.1569620253164557
0 0.28551136363636365 0.24873417721518987 0.09185606060606061 0.13291139240506328
0 0.3470643939393939 0.5481012658227848 0.04640151515151515 0.05822784810126582
0 0.29450757575757575 0.15949367088607594 0.06060606060606061 0.1620253164556962
0 0.3868371212121212 0.189873417721519 0.038825757575757576 0.1468354430379747
0 0.25946969696969696 0.6962025316455697 0.06818181818181818 0.1189873417721519
0 0.38825757575757575 0.6183544303797468 0.08522727272727272 0.08734177215189873
0 0.2859848484848485 0.3924050632911392 0.03598484848484849 0.04050632911392405
0 0.3053977272727273 0.7189873417721518 0.048295454545454544 0.07341772151898734
0 0.32007575757575757 0.02531645569620253 0.01893939393939394 0.04556962025316456
0 0.31865530303030304 0.12848101265822784 0.036931818181818184 0.05949367088607595
0 0.5392992424242424 0.00949367088607595 0.048295454545454544 0.013924050632911392
0 0.3622159090909091 0.1449367088607595 0.03125 0.0670886075949367
0 0.3489583333333333 0.03734177215189873 0.050189393939393936 0.06962025316455696
0 0.25946969696969696 0.2930379746835443 0.032196969696969696 0.10506329113924051
0 0.31676136363636365 0.056962025316455694 0.050189393939393936 0.10632911392405063
0 0.5227272727272727 0.46835443037974683 0.07007575757575757 0.1518987341772152
0 0.4550189393939394 0.2221518987341772 0.061553030303030304 0.09746835443037975
0 0.3399621212121212 0.6392405063291139 0.10416666666666667 0.09873417721518987
0 0.4891098484848485 0.02531645569620253 0.10890151515151515 0.04556962025316456
0 0.3134469696969697 0.5683544303797469 0.06439393939393939 0.08860759493670886
0 0.3134469696969697 0.4132911392405063 0.08901515151515152 0.07974683544303797
0 0.5516098484848485 0.2120253164556962 0.05965909090909091 0.0670886075949367
