0 0.28929924242424243 0.7373417721518988 0.06534090909090909 0.04430379746835443
0 0.3787878787878788 0.013924050632911392 0.04734848484848485 0.02531645569620253
0 0.4654356060606061 0.3550632911392405 0.04261363636363636 0.09746835443037975
0 0.30303030303030304 0.6613924050632911 0.03598484848484849 0.04683544303797468
0 0.3759469696969697 0.09936708860759494 0.07954545454545454 0.05189873417721519
0 0.40767045454545453 0.1879746835443038 0.04450757575757576 0.12025316455696203
0 0.3712121212121212 0.6107594936708861 0.07765151515151515 0.07468354430379746
0 0.3053977272727273 0.027848101265822784 0.07291666666666667 0.05063291139240506
0 0.3418560606060606 0.3348101265822785 0.10984848484848485 0.09240506329113925
0 0.4190340909090909 0.580379746835443 0.09375 0.08481012658227848
0 0.34232954545454547 0.4253164556962025 0.08617424242424243 0.06582278481012659
0 0.3338068181818182 0.47215189873417723 0.08617424242424243 0.05063291139240506
0 0.3300189393939394 0.7455696202531645 0.03314393939393939 0.027848101265822784
0 0.24005681818181818 0.7196202531645569 0.04071969696969697 0.0620253164556962
0 0.25757575757575757 0.42278481012658226 0.05303030303030303 0.12151898734177215
0 0.3333333333333333 0.6443037974683544 0.054924242424242424 0.08860759493670886
0 0.2845643939393939 0.1651898734177215 0.06912878787878787 0.09240506329113925
0 0.2869318181818182 0.21265822784810126 0.07765151515151515 0.10632911392405063
0 0.45359848484848486 0.44113924050632913 0.0928030303030303 0.07468354430379746
0 0.2741477272727273 0.5506329113924051 0.052083333333333336 0.1670886075949367
0 0.2821969696969697 0.239873417721519 0.07196969696969698 0.05949367088607595
0 0.24384469696969696 0.6113924050632912 0.029356060606060608 0.05063291139240506
0 0.32386363636363635 0.2917721518987342 0.08712121212121213 0.06962025316455696
0 0.2755681818181818 0.6126582278481013 0.05113636363636364 0.1468354430379747
0 0.3721590909090909 0.04177215189873418 0.06628787878787878 0.06835443037974684
0 0.3697916666666667 0.17721518987341772 0.02556818181818182 0.11645569620253164
0 0.3371212121212121 0.189873417721519 0.04734848484848485 0.14177215189873418
0 0.24289772727272727 0.6715189873417722 0.048295454545454544 0.07974683544303797
0 0.43986742424242425 0.6772151898734177 0.05965909090909091 0.13164556962025317
0 0.4010416666666667 0.6930379746835443 0.08996212121212122 0.12784810126582277
0 0.328125 0.4031645569620253 0.10511363636363637 0.1
0 0.25236742424242425 0.1879746835443038 0.03314393939393939 0.05189873417721519
0 0.3612689393939394 0.5436708860759494 0.07102272727272728 0.0949367088607595
0 0.3177083333333333 0.710126582278481 0.09375 0.053164556962025315
0 0.2623106060606061 0.12468354430379747 0.058712121212121215 0.08227848101265822
0 0.48674242424242425 0.7031645569620253 0.04734848484848485 0.12784810126582277
0 0.3527462121212121 0.37848101265822787 0.05587121212121212 0.053164556962025315
0 0.43702651515151514 0.5354430379746835 0.09185606060606061 0.12151898734177215
0 0.4791666666666667 0.07721518987341772 0.09659090909090909 0.1240506329113924
0 0.2741477272727273 0.6354430379746835 0.09375 0.09620253164556962
0 0.3503787878787879 0.49873417721518987 0.11742424242424243 0.10886075949367088
0 0.29640151515151514 0.060126582278481014 0.08522727272727272 0.05443037974683544
0 0.23390151515151514 0.5367088607594936 0.03977272727272727 0.13924050632911392
0 0.4498106060606061 0.2626582278481013 0.041666666666666664 0.08227848101265822
0 0.31865530303030304 0.11582278481012659 0.061553030303030304 0.06962025316455696
0 0.5255681818181818 0.40443037974683543 0.06818181818181818 0.1759493670886076
0 0.4744318181818182 0.20126582278481012 0.08143939393939394 0.10886075949367088
0 0.4180871212121212 0.3556962025316456 0.061553030303030304 0.16962025316455695
0 0.37547348484848486 0.25253164556962027 0.04640151515151515 0.05443037974683544
0 0.2627840909090909 0.36075949367088606 0.050189393939393936 0.2430379746835443
0 0.4266098484848485 0.10506329113924051 0.04261363636363636 0.1291139240506329
0 0.3096590909090909 0.5044303797468355 0.03787878787878788 0.0949367088607595
0 0.30445075757575757 0.41139240506329117 0.05965909090909091 0.08860759493670886
