0 0.47490530303030304 0.1120253164556962 0.10511363636363637 0.0620253164556962
0 0.4109848484848485 0.7424050632911392 0.03787878787878788 0.04683544303797468
0 0.4393939393939394 0.2120253164556962 0.11363636363636363 0.056962025316455694
0 0.5568181818181818 0.15949367088607594 0.06818181818181818 0.0759493670886076
0 0.2708333333333333 0.660759493670886 0.03598484848484849 0.1670886075949367
0 0.41429924242424243 0.04746835443037975 0.04071969696969697 0.08734177215189873
0 0.40625 0.14113924050632912 0.09848484848484848 0.05189873417721519
0 0.36742424242424243 0.6120253164556962 0.07954545454545454 0.15316455696202533
0 0.40009469696969696 0.5145569620253164 0.04450757575757576 0.0620253164556962
0 0.27509469696969696 0.02278481012658228 0.035037878787878785 0.04050632911392405
0 0.3873106060606061 0.08860759493670886 0.041666666666666664 0.060759493670886074
0 0.3418560606060606 0.5177215189873418 0.07765151515151515 0.05822784810126582
0 0.4493371212121212 0.043037974683544304 0.04450757575757576 0.0810126582278481
0 0.39820075757575757 0.4170886075949367 0.10700757575757576 0.12278481012658228
0 0.2850378787878788 0.4772151898734177 0.03598484848484849 0.13924050632911392
0 0.28551136363636365 0.23164556962025318 0.08617424242424243 0.11645569620253164
0 0.4119318181818182 0.016455696202531647 0.03598484848484849 0.027848101265822784
0 0.28929924242424243 0.07088607594936709 0.03314393939393939 0.07848101265822785
0 0.36363636363636365 0.21645569620253163 0.056818181818181816 0.10632911392405063
0 0.31107954545454547 0.6132911392405064 0.04450757575757576 0.17848101265822786
0 0.3006628787878788 0.1449367088607595 0.06723484848484848 0.08481012658227848
0 0.2518939393939394 0.49936708860759493 0.032196969696969696 0.14556962025316456
0 0.4209280303030303 0.5791139240506329 0.04261363636363636 0.10253164556962026
0 0.34138257575757575 0.7234177215189873 0.03314393939393939 0.07721518987341772
0 0.26609848484848486 0.13354430379746834 0.056818181818181816 0.0670886075949367
0 0.3233901515151515 0.07911392405063292 0.04640151515151515 0.05443037974683544
0 0.3868371212121212 0.2740506329113924 0.09943181818181818 0.0670886075949367
0 0.3475378787878788 0.43291139240506327 0.11363636363636363 0.09113924050632911
0 0.2831439393939394 0.33860759493670883 0.0946969696969697 0.10506329113924051
0 0.3371212121212121 0.47151898734177217 0.08712121212121213 0.06962025316455696
0 0.3191287878787879 0.03417721518987342 0.05303030303030303 0.06329113924050633
0 0.3319128787878788 0.17215189873417722 0.05397727272727273 0.1569620253164557
0 0.25804924242424243 0.389873417721519 0.04640151515151515 0.09367088607594937
0 0.375 0.7398734177215189 0.03409090909090909 0.04683544303797468
0 0.32007575757575757 0.3183544303797468 0.0928030303030303 0.07721518987341772
0 0.4777462121212121 0.6215189873417721 0.05776515151515151 0.1518987341772152
0 0.3693181818181818 0.032278481012658226 0.05303030303030303 0.05949367088607595
0 0.6084280303030303 0.18544303797468353 0.06534090909090909 0.08481012658227848
