0 0.34517045454545453 0.7341772151898734 0.08049242424242424 0.05822784810126582
0 0.33948863636363635 0.5518987341772152 0.04071969696969697 0.1291139240506329
0 0.4777462121212121 0.23291139240506328 0.08617424242424243 0.1189873417721519
0 0.28361742424242425 0.7164556962025317 0.038825757575757576 0.07848101265822785
0 0.41382575757575757 0.27658227848101263 0.08333333333333333 0.15569620253164557
0 0.3944128787878788 0.6430379746835443 0.07102272727272728 0.1670886075949367
0 0.45928030303030304 0.4860759493670886 0.07575757575757576 0.3518987341772152
0 0.3006628787878788 0.529746835443038 0.04261363636363636 0.1
0 0.3338068181818182 0.640506329113924 0.08238636363636363 0.1341772151898734
0 0.5355113636363636 0.40569620253164557 0.05587121212121212 0.10253164556962026
0 0.3229166666666667 0.2917721518987342 0.06818181818181818 0.15569620253164557
0 0.2755681818181818 0.6 0.07954545454545454 0.1620253164556962
0 0.4356060606060606 0.6354430379746835 0.03787878787878788 0.09873417721518987
0 0.5165719696969697 0.7227848101265822 0.10700757575757576 0.06835443037974684
0 0.4024621212121212 0.17215189873417722 0.07765151515151515 0.09620253164556962
0 0.3456439393939394 0.1 0.058712121212121215 0.13670886075949368
0 0.3731060606060606 0.28544303797468357 0.07765151515151515 0.14810126582278482
