0 0.26988636363636365 0.7240506329113924 0.05113636363636364 0.06582278481012659
0 0.31486742424242425 0.40822784810126583 0.09185606060606061 0.08987341772151898
0 0.43323863636363635 0.11265822784810127 0.08617424242424243 0.0759493670886076
0 0.38115530303030304 0.7322784810126582 0.03314393939393939 0.0620253164556962
0 0.46070075757575757 0.2139240506329114 0.08428030303030302 0.053164556962025315
0 0.3996212121212121 0.22278481012658227 0.06439393939393939 0.16455696202531644
0 0.4744318181818182 0.5158227848101266 0.07386363636363637 0.09240506329113925
0 0.2793560606060606 0.1569620253164557 0.056818181818181816 0.14936708860759493
0 0.3603219696969697 0.6430379746835443 0.08049242424242424 0.1341772151898734
0 0.3319128787878788 0.05189873417721519 0.048295454545454544 0.09873417721518987
0 0.36174242424242425 0.31265822784810127 0.058712121212121215 0.09113924050632911
0 0.3409090909090909 0.3651898734177215 0.06628787878787878 0.0949367088607595
0 0.24479166666666666 0.7139240506329114 0.03125 0.05822784810126582
0 0.3456439393939394 0.7322784810126582 0.03787878787878788 0.0620253164556962
0 0.4441287878787879 0.026582278481012658 0.12310606060606061 0.04810126582278481
0 0.4460227272727273 0.3632911392405063 0.05303030303030303 0.11392405063291139
0 0.29450757575757575 0.629746835443038 0.09090909090909091 0.0670886075949367
0 0.3731060606060606 0.18544303797468353 0.056818181818181816 0.15063291139240506
0 0.3058712121212121 0.5 0.11174242424242424 0.22025316455696203
0 0.36695075757575757 0.05126582278481013 0.04640151515151515 0.09746835443037975
0 0.3035037878787879 0.2620253164556962 0.05587121212121212 0.12151898734177215
0 0.33428030303030304 0.1449367088607595 0.0625 0.06455696202531645
0 0.40482954545454547 0.6594936708860759 0.050189393939393936 0.14430379746835442
0 0.3712121212121212 0.5272151898734178 0.041666666666666664 0.12278481012658228
0 0.4971590909090909 0.1759493670886076 0.07196969696969698 0.05569620253164557
0 0.3087121212121212 0.7221518987341772 0.03409090909090909 0.07215189873417721
0 0.32007575757575757 0.2120253164556962 0.05303030303030303 0.11265822784810127
0 0.4758522727272727 0.6670886075949367 0.13162878787878787 0.07088607594936709
0 0.3006628787878788 0.02531645569620253 0.050189393939393936 0.04556962025316456
0 0.29545454545454547 0.07721518987341772 0.06818181818181818 0.07341772151898734
0 0.3020833333333333 0.47151898734177217 0.08712121212121213 0.12025316455696203
0 0.25236742424242425 0.37468354430379747 0.04261363636363636 0.06329113924050633
0 0.30492424242424243 0.13924050632911392 0.12121212121212122 0.0759493670886076
0 0.5492424242424242 0.49873417721518987 0.043560606060606064 0.17468354430379746
0 0.3958333333333333 0.37721518987341773 0.04734848484848485 0.06582278481012659
0 0.2713068181818182 0.2930379746835443 0.0634469696969697 0.14050632911392405
0 0.4010416666666667 0.4506329113924051 0.10132575757575757 0.07341772151898734
0 0.27698863636363635 0.6689873417721519 0.08238636363636363 0.049367088607594936
0 0.26704545454545453 0.5582278481012658 0.10984848484848485 0.10632911392405063
