0 0.2821969696969697 0.7107594936708861 0.054924242424242424 0.09240506329113925
0 0.4678030303030303 0.30063291139240506 0.03787878787878788 0.1
0 0.4375 0.15632911392405063 0.045454545454545456 0.1
0 0.3660037878787879 0.5341772151898734 0.11079545454545454 0.10126582278481013
0 0.3314393939393939 0.07974683544303797 0.07575757575757576 0.05063291139240506
0 0.3816287878787879 0.2911392405063291 0.09659090909090909 0.09113924050632911
0 0.4308712121212121 0.4569620253164557 0.08143939393939394 0.05569620253164557
0 0.3915719696969697 0.10189873417721519 0.048295454545454544 0.12278481012658228
0 0.27982954545454547 0.2879746835443038 0.06723484848484848 0.0620253164556962
0 0.2987689393939394 0.24556962025316456 0.06912878787878787 0.08354430379746836
0 0.32954545454545453 0.7316455696202532 0.03787878787878788 0.05822784810126582
0 0.3125 0.5487341772151899 0.03409090909090909 0.08481012658227848
0 0.4427083333333333 0.08860759493670886 0.08238636363636363 0.10126582278481013
0 0.506155303030303 0.2981012658227848 0.038825757575757576 0.15569620253164557
0 0.30113636363636365 0.12721518987341773 0.07575757575757576 0.10759493670886076
0 0.3522727272727273 0.15379746835443037 0.041666666666666664 0.05949367088607595
0 0.2646780303030303 0.5715189873417722 0.0634469696969697 0.16075949367088607
0 0.3778409090909091 0.6107594936708861 0.11742424242424243 0.056962025316455694
0 0.37926136363636365 0.6626582278481012 0.11837121212121213 0.05443037974683544
0 0.3489583333333333 0.45949367088607596 0.12215909090909091 0.09873417721518987
0 0.2675189393939394 0.4360759493670886 0.050189393939393936 0.14050632911392405
0 0.32765151515151514 0.2158227848101266 0.11742424242424243 0.07468354430379746
0 0.35890151515151514 0.3575949367088608 0.05113636363636364 0.07468354430379746
0 0.3087121212121212 0.03291139240506329 0.03598484848484849 0.060759493670886074
0 0.3816287878787879 0.41139240506329117 0.10984848484848485 0.05822784810126582
0 0.4043560606060606 0.21329113924050633 0.07007575757575757 0.15316455696202533
0 0.5890151515151515 0.08860759493670886 0.058712121212121215 0.15443037974683543
