0 0.2940340909090909 0.7246835443037974 0.061553030303030304 0.06455696202531645
0 0.4895833333333333 0.20063291139240505 0.058712121212121215 0.15569620253164557
0 0.41761363636363635 0.7462025316455696 0.041666666666666664 0.039240506329113925
0 0.5416666666666666 0.21835443037974683 0.043560606060606064 0.19367088607594937
0 0.4569128787878788 0.7518987341772152 0.04450757575757576 0.030379746835443037
0 0.3626893939393939 0.5829113924050633 0.08143939393939394 0.15822784810126583
0 0.5037878787878788 0.7449367088607595 0.06818181818181818 0.04430379746835443
0 0.4266098484848485 0.5917721518987342 0.05776515151515151 0.12531645569620253
0 0.3977272727272727 0.04177215189873418 0.03598484848484849 0.07848101265822785
0 0.33759469696969696 0.15126582278481013 0.1240530303030303 0.09746835443037975
0 0.49952651515151514 0.3829113924050633 0.09375 0.12025316455696203
0 0.3229166666666667 0.6170886075949367 0.03598484848484849 0.15316455696202533
0 0.359375 0.043037974683544304 0.05965909090909091 0.0810126582278481
0 0.3143939393939394 0.16835443037974684 0.14583333333333334 0.13924050632911392
0 0.3768939393939394 0.17341772151898735 0.07575757575757576 0.05569620253164557
0 0.27367424242424243 0.06518987341772152 0.03409090909090909 0.10759493670886076
0 0.3072916666666667 0.07405063291139241 0.038825757575757576 0.07215189873417721
0 0.3106060606060606 0.25 0.06628787878787878 0.11012658227848102
0 0.26420454545454547 0.7082278481012658 0.043560606060606064 0.08481012658227848
0 0.35795454545454547 0.09177215189873418 0.0625 0.0620253164556962
0 0.3877840909090909 0.4050632911392405 0.12026515151515152 0.09620253164556962
0 0.3409090909090909 0.4569620253164557 0.07765151515151515 0.14177215189873418
0 0.2803030303030303 0.41645569620253164 0.07575757575757576 0.18734177215189873
0 0.30634469696969696 0.026582278481012658 0.061553030303030304 0.04810126582278481
0 0.26325757575757575 0.5575949367088607 0.07386363636363637 0.10506329113924051
0 0.34990530303030304 0.7386075949367089 0.03125 0.049367088607594936
0 0.3309659090909091 0.3341772151898734 0.10511363636363637 0.06329113924050633
0 0.6302083333333334 0.3860759493670886 0.07859848484848485 0.04810126582278481
0 0.36079545454545453 0.22278481012658227 0.08522727272727272 0.06329113924050633
0 0.36553030303030304 0.6816455696202531 0.05113636363636364 0.16075949367088607
0 0.26799242424242425 0.6170886075949367 0.08333333333333333 0.12278481012658228
0 0.30113636363636365 0.5316455696202531 0.03977272727272727 0.06582278481012659
0 0.32054924242424243 0.7411392405063291 0.03125 0.039240506329113925
