0 0.31297348484848486 0.14240506329113925 0.03314393939393939 0.07468354430379746
0 0.3944128787878788 0.7474683544303797 0.06912878787878787 0.03417721518987342
0 0.4384469696969697 0.2626582278481013 0.06060606060606061 0.0949367088607595
0 0.5042613636363636 0.13037974683544304 0.048295454545454544 0.10886075949367088
0 0.4777462121212121 0.6772151898734177 0.038825757575757576 0.1518987341772152
0 0.4588068181818182 0.0810126582278481 0.04450757575757576 0.1569620253164557
0 0.4043560606060606 0.3227848101265823 0.1268939393939394 0.11139240506329114
0 0.38825757575757575 0.4563291139240506 0.10416666666666667 0.15316455696202533
0 0.3058712121212121 0.026582278481012658 0.03787878787878788 0.04810126582278481
0 0.2774621212121212 0.6379746835443038 0.05113636363636364 0.07848101265822785
0 0.3418560606060606 0.07721518987341772 0.045454545454545456 0.14430379746835442
0 0.4578598484848485 0.1911392405063291 0.10890151515151515 0.13164556962025317
0 0.33759469696969696 0.04430379746835443 0.04071969696969697 0.08354430379746836
0 0.2627840909090909 0.729746835443038 0.038825757575757576 0.049367088607594936
0 0.26609848484848486 0.4006329113924051 0.06439393939393939 0.16835443037974684
0 0.34138257575757575 0.7462025316455696 0.038825757575757576 0.02911392405063291
0 0.3418560606060606 0.19936708860759494 0.10037878787878787 0.14303797468354432
0 0.3087121212121212 0.18924050632911393 0.03977272727272727 0.08481012658227848
0 0.3001893939393939 0.39367088607594936 0.06818181818181818 0.1620253164556962
0 0.2623106060606061 0.10063291139240506 0.05303030303030303 0.14303797468354432
0 0.3712121212121212 0.20379746835443038 0.0625 0.10126582278481013
0 0.30823863636363635 0.669620253164557 0.0634469696969697 0.1620253164556962
0 0.3134469696969697 0.23164556962025318 0.045454545454545456 0.08860759493670886
0 0.3603219696969697 0.6443037974683544 0.04640151515151515 0.08607594936708861
0 0.30303030303030304 0.08860759493670886 0.041666666666666664 0.0810126582278481
0 0.33570075757575757 0.17974683544303796 0.09375 0.10379746835443038
0 0.3721590909090909 0.06265822784810127 0.03598484848484849 0.12531645569620253
0 0.5430871212121212 0.43734177215189873 0.06912878787878787 0.15316455696202533
0 0.36363636363636365 0.40379746835443037 0.056818181818181816 0.13164556962025317
0 0.2694128787878788 0.5063291139240507 0.04071969696969697 0.060759493670886074
0 0.3115530303030303 0.3158227848101266 0.0928030303030303 0.13544303797468354
0 0.2552083333333333 0.2981012658227848 0.036931818181818184 0.07974683544303797
0 0.4209280303030303 0.06139240506329114 0.03314393939393939 0.11772151898734177
0 0.3622159090909091 0.19050632911392404 0.06534090909090909 0.10253164556962026
0 0.3849431818181818 0.23544303797468355 0.061553030303030304 0.09113924050632911
0 0.24857954545454544 0.22278481012658227 0.050189393939393936 0.0759493670886076
0 0.3233901515151515 0.7063291139240506 0.07859848484848485 0.10379746835443038
0 0.49763257575757575 0.04113924050632911 0.038825757575757576 0.06962025316455696
0 0.5492424242424242 0.19050632911392404 0.043560606060606064 0.17848101265822786
