0 0.3366477272727273 0.3949367088607595 0.09375 0.12151898734177215
0 0.5236742424242424 0.5246835443037975 0.0625 0.11012658227848102
0 0.29924242424242425 0.5392405063291139 0.07386363636363637 0.07341772151898734
0 0.3939393939393939 0.13544303797468354 0.09848484848484848 0.060759493670886074
0 0.546875 0.13924050632911392 0.05397727272727273 0.07341772151898734
0 0.3181818181818182 0.4911392405063291 0.11931818181818182 0.08860759493670886
0 0.31865530303030304 0.24746835443037973 0.04071969696969697 0.17848101265822786
0 0.4393939393939394 0.7177215189873418 0.10606060606060606 0.08607594936708861
0 0.3839962121212121 0.09113924050632911 0.07102272727272728 0.053164556962025315
0 0.3835227272727273 0.44746835443037974 0.054924242424242424 0.11518987341772152
0 0.5525568181818182 0.6632911392405063 0.08428030303030302 0.13670886075949368
