0 0.5279356060606061 0.44936708860759494 0.050189393939393936 0.13164556962025317
0 0.3309659090909091 0.13734177215189874 0.04450757575757576 0.10253164556962026
0 0.2765151515151515 0.6715189873417722 0.06628787878787878 0.15316455696202533
0 0.37452651515151514 0.016455696202531647 0.06534090909090909 0.027848101265822784
0 0.3224431818181818 0.22468354430379747 0.11647727272727272 0.16835443037974684
0 0.4043560606060606 0.13227848101265824 0.03598484848484849 0.11772151898734177
0 0.4952651515151515 0.720886075949367 0.10984848484848485 0.09240506329113925
0 0.2746212121212121 0.0379746835443038 0.03977272727272727 0.07088607594936709
0 0.3314393939393939 0.6278481012658228 0.043560606060606064 0.17974683544303796
0 0.32386363636363635 0.016455696202531647 0.041666666666666664 0.027848101265822784
0 0.42140151515151514 0.49873417721518987 0.1268939393939394 0.05822784810126582
0 0.46448863636363635 0.18227848101265823 0.10511363636363637 0.07088607594936709
0 0.2665719696969697 0.44746835443037974 0.05587121212121212 0.15063291139240506
0 0.3001893939393939 0.20126582278481012 0.03787878787878788 0.10126582278481013
0 0.33759469696969696 0.05506329113924051 0.07670454545454546 0.07468354430379746
0 0.4384469696969697 0.3537974683544304 0.13068181818181818 0.08987341772151898
0 0.3224431818181818 0.45379746835443036 0.08996212121212122 0.08987341772151898
0 0.4270833333333333 0.05126582278481013 0.054924242424242424 0.04683544303797468
0 0.4474431818181818 0.022151898734177215 0.10321969696969698 0.039240506329113925
0 0.4393939393939394 0.2430379746835443 0.043560606060606064 0.053164556962025315
0 0.3446969696969697 0.17278481012658228 0.07954545454545454 0.15063291139240506
0 0.2921401515151515 0.10506329113924051 0.038825757575757576 0.10886075949367088
0 0.3181818181818182 0.4012658227848101 0.09848484848484848 0.07848101265822785
0 0.28125 0.5886075949367089 0.0625 0.13670886075949368
0 0.41429924242424243 0.43860759493670887 0.11837121212121213 0.06455696202531645
0 0.3740530303030303 0.6322784810126583 0.04734848484848485 0.2189873417721519
0 0.3087121212121212 0.015822784810126583 0.05303030303030303 0.02911392405063291
0 0.5222537878787878 0.04683544303797468 0.05397727272727273 0.08860759493670886
0 0.2646780303030303 0.11455696202531646 0.02556818181818182 0.04683544303797468
0 0.32765151515151514 0.3221518987341772 0.07575757575757576 0.07215189873417721
0 0.24857954545454544 0.5044303797468355 0.04450757575757576 0.16582278481012658
0 0.5175189393939394 0.560126582278481 0.07859848484848485 0.14556962025316456
0 0.3494318181818182 0.370253164556962 0.06628787878787878 0.05189873417721519
0 0.3224431818181818 0.5050632911392405 0.07102272727272728 0.07341772151898734
0 0.26988636363636365 0.2727848101265823 0.04734848484848485 0.2240506329113924
0 0.3366477272727273 0.08354430379746836 0.07481060606060606 0.06329113924050633
0 0.32765151515151514 0.3221518987341772 0.07575757575757576 0.07215189873417721
0 0.3939393939393939 0.21455696202531646 0.04924242424242424 0.2772151898734177
0 0.3873106060606061 0.05949367088607595 0.03977272727272727 0.0759493670886076
0 0.3678977272727273 0.1310126582278481 0.038825757575757576 0.08227848101265822
0 0.2694128787878788 0.21139240506329113 0.048295454545454544 0.1620253164556962
0 0.44365530303030304 0.1069620253164557 0.04071969696969697 0.07468354430379746
0 0.2959280303030303 0.7398734177215189 0.04261363636363636 0.039240506329113925
