0 0.32196969696969696 0.04683544303797468 0.11742424242424243 0.053164556962025315
0 0.5213068181818182 0.4772151898734177 0.11268939393939394 0.060759493670886074
0 0.3162878787878788 0.6936708860759494 0.07575757575757576 0.1341772151898734
0 0.45549242424242425 0.08544303797468354 0.08333333333333333 0.08481012658227848
0 0.43986742424242425 0.7430379746835443 0.050189393939393936 0.04556962025316456
0 0.4564393939393939 0.14367088607594936 0.07196969696969698 0.09240506329113925
0 0.27888257575757575 0.7468354430379747 0.035037878787878785 0.020253164556962026
0 0.4133522727272727 0.04556962025316456 0.036931818181818184 0.08607594936708861
0 0.49763257575757575 0.6367088607594936 0.04261363636363636 0.16455696202531644
0 0.39678030303030304 0.14367088607594936 0.054924242424242424 0.17341772151898735
0 0.47490530303030304 0.7069620253164557 0.07859848484848485 0.12025316455696203
0 0.3683712121212121 0.5158227848101266 0.17992424242424243 0.12784810126582277
0 0.3797348484848485 0.720253164556962 0.054924242424242424 0.0810126582278481
0 0.3641098484848485 0.4240506329113924 0.10511363636363637 0.05822784810126582
0 0.265625 0.5208860759493671 0.08617424242424243 0.10253164556962026
0 0.3328598484848485 0.27151898734177216 0.09943181818181818 0.12025316455696203
0 0.2902462121212121 0.5987341772151898 0.10511363636363637 0.07088607594936709
0 0.2859848484848485 0.4240506329113924 0.06628787878787878 0.06582278481012659
0 0.2746212121212121 0.3487341772151899 0.08333333333333333 0.11518987341772152
0 0.3385416666666667 0.55 0.10700757575757576 0.0949367088607595
0 0.30113636363636365 0.11392405063291139 0.09659090909090909 0.11139240506329114
0 0.32765151515151514 0.19873417721518988 0.09659090909090909 0.10886075949367088
0 0.2627840909090909 0.660126582278481 0.0634469696969697 0.14810126582278482
0 0.4034090909090909 0.6734177215189874 0.07765151515151515 0.09620253164556962
0 0.2665719696969697 0.1911392405063291 0.035037878787878785 0.16455696202531644
0 0.32196969696969696 0.31075949367088607 0.10227272727272728 0.08734177215189873
0 0.3641098484848485 0.13924050632911392 0.04450757575757576 0.1341772151898734
0 0.42329545454545453 0.2955696202531646 0.10795454545454546 0.12278481012658228
0 0.5222537878787878 0.5860759493670886 0.0634469696969697 0.17215189873417722
0 0.3290719696969697 0.5082278481012659 0.10700757575757576 0.10506329113924051
0 0.24763257575757575 0.4430379746835443 0.05397727272727273 0.09367088607594937
0 0.3262310606060606 0.015189873417721518 0.035037878787878785 0.02531645569620253
0 0.3835227272727273 0.36455696202531646 0.12310606060606061 0.06329113924050633
0 0.3446969696969697 0.6506329113924051 0.06628787878787878 0.1620253164556962
