0 0.3626893939393939 0.020253164556962026 0.03977272727272727 0.035443037974683546
0 0.31013257575757575 0.7329113924050633 0.050189393939393936 0.053164556962025315
0 0.3181818181818182 0.370253164556962 0.11553030303030302 0.14810126582278482
0 0.45738636363636365 0.10632911392405063 0.08333333333333333 0.12658227848101267
0 0.48674242424242425 0.34620253164556963 0.041666666666666664 0.13291139240506328
0 0.2490530303030303 0.729746835443038 0.03977272727272727 0.04683544303797468
0 0.3977272727272727 0.06392405063291139 0.08333333333333333 0.07215189873417721
0 0.4597537878787879 0.7367088607594937 0.12215909090909091 0.05822784810126582
0 0.3214962121212121 0.02088607594936709 0.048295454545454544 0.03670886075949367
0 0.3527462121212121 0.27531645569620256 0.07102272727272728 0.0670886075949367
0 0.42234848484848486 0.6474683544303798 0.04924242424242424 0.12784810126582277
0 0.5643939393939394 0.7525316455696203 0.0928030303030303 0.03164556962025317
0 0.4043560606060606 0.49430379746835446 0.06628787878787878 0.1379746835443038
0 0.39299242424242425 0.589240506329114 0.04734848484848485 0.08987341772151898
0 0.25946969696969696 0.4753164556962025 0.07575757575757576 0.15063291139240506
0 0.2528409090909091 0.35253164556962024 0.03409090909090909 0.13291139240506328
0 0.3328598484848485 0.6810126582278481 0.05397727272727273 0.1468354430379747
0 0.3977272727272727 0.018354430379746836 0.03787878787878788 0.03164556962025317
0 0.47017045454545453 0.42658227848101266 0.06912878787878787 0.1620253164556962
0 0.29450757575757575 0.6765822784810127 0.04924242424242424 0.0949367088607595
0 0.2746212121212121 0.5727848101265823 0.07196969696969698 0.14303797468354432
0 0.3309659090909091 0.4860759493670886 0.08049242424242424 0.11645569620253164
0 0.3252840909090909 0.22531645569620254 0.08238636363636363 0.11645569620253164
0 0.26420454545454547 0.6873417721518987 0.043560606060606064 0.11392405063291139
0 0.3778409090909091 0.6911392405063291 0.041666666666666664 0.14177215189873418
0 0.5317234848484849 0.0949367088607595 0.05587121212121212 0.13670886075949368
0 0.3158143939393939 0.15253164556962026 0.048295454545454544 0.0620253164556962
0 0.20643939393939395 0.7151898734177216 0.05303030303030303 0.06835443037974684
0 0.3522727272727273 0.31962025316455694 0.05113636363636364 0.05949367088607595
0 0.2727272727272727 0.15949367088607594 0.045454545454545456 0.15949367088607594
0 0.35511363636363635 0.08164556962025317 0.0946969696969697 0.08987341772151898
0 0.3835227272727273 0.35822784810126584 0.058712121212121215 0.13164556962025317
0 0.5857007575757576 0.7107594936708861 0.11837121212121213 0.0620253164556962
0 0.359375 0.5772151898734177 0.05776515151515151 0.10632911392405063
0 0.34138257575757575 0.5354430379746835 0.08049242424242424 0.1240506329113924
0 0.3210227272727273 0.10189873417721519 0.11174242424242424 0.09240506329113925
0 0.2481060606060606 0.5993670886075949 0.03977272727272727 0.08227848101265822
0 0.3162878787878788 0.4208860759493671 0.08333333333333333 0.12278481012658228
0 0.26420454545454547 0.24746835443037973 0.045454545454545456 0.12784810126582277
0 0.3839962121212121 0.18164556962025316 0.052083333333333336 0.07721518987341772
