0 0.3300189393939394 0.022151898734177215 0.04640151515151515 0.039240506329113925
0 0.3181818181818182 0.7291139240506329 0.08712121212121213 0.05822784810126582
0 0.2864583333333333 0.27848101265822783 0.06723484848484848 0.1341772151898734
0 0.39488636363636365 0.05886075949367089 0.10227272727272728 0.056962025316455694
0 0.5080492424242424 0.32151898734177214 0.050189393939393936 0.05063291139240506
0 0.3309659090909091 0.22658227848101264 0.08049242424242424 0.05822784810126582
0 0.3958333333333333 0.00569620253164557 0.026515151515151516 0.01139240506329114
0 0.34138257575757575 0.09050632911392405 0.06534090909090909 0.12531645569620253
0 0.2911931818181818 0.49493670886075947 0.06723484848484848 0.0810126582278481
0 0.2902462121212121 0.1949367088607595 0.05397727272727273 0.07088607594936709
0 0.28125 0.3962025316455696 0.09848484848484848 0.11645569620253164
0 0.2755681818181818 0.11265822784810127 0.041666666666666664 0.1291139240506329
0 0.3068181818181818 0.5873417721518988 0.06060606060606061 0.13670886075949368
0 0.3522727272727273 0.5177215189873418 0.10037878787878787 0.05569620253164557
0 0.24147727272727273 0.4518987341772152 0.043560606060606064 0.14177215189873418
0 0.29640151515151514 0.06518987341772152 0.03977272727272727 0.12278481012658228
0 0.3631628787878788 0.013924050632911392 0.027462121212121212 0.02278481012658228
0 0.3660037878787879 0.18164556962025316 0.13162878787878787 0.10759493670886076
0 0.26609848484848486 0.2727848101265823 0.058712121212121215 0.20126582278481012
0 0.3314393939393939 0.29240506329113924 0.07007575757575757 0.08860759493670886
0 0.5625 0.7139240506329114 0.043560606060606064 0.10632911392405063
0 0.39204545454545453 0.12784810126582277 0.03977272727272727 0.09113924050632911
0 0.3366477272727273 0.40379746835443037 0.07670454545454546 0.1341772151898734
