0 0.30113636363636365 0.7227848101265822 0.03977272727272727 0.07088607594936709
0 0.5213068181818182 0.19873417721518988 0.07670454545454546 0.07341772151898734
0 0.36363636363636365 0.40949367088607597 0.14204545454545456 0.12278481012658228
0 0.39820075757575757 0.6170886075949367 0.07102272727272728 0.15063291139240506
0 0.44365530303030304 0.23417721518987342 0.08617424242424243 0.13924050632911392
0 0.41240530303030304 0.4740506329113924 0.06534090909090909 0.07721518987341772
0 0.3328598484848485 0.739240506329114 0.035037878787878785 0.04556962025316456
0 0.3702651515151515 0.22468354430379747 0.05113636363636364 0.15063291139240506
0 0.3106060606060606 0.5246835443037975 0.056818181818181816 0.06962025316455696
0 0.5539772727272727 0.35822784810126584 0.08333333333333333 0.18734177215189873
0 0.34801136363636365 0.3240506329113924 0.12215909090909091 0.07088607594936709
0 0.3821022727272727 0.052531645569620256 0.06912878787878787 0.1
0 0.2897727272727273 0.06962025316455696 0.07196969696969698 0.10126582278481013
0 0.3224431818181818 0.5854430379746836 0.11079545454545454 0.09240506329113925
0 0.34138257575757575 0.06962025316455696 0.035037878787878785 0.13164556962025317
0 0.29829545454545453 0.1860759493670886 0.07954545454545454 0.11139240506329114
0 0.2713068181818182 0.6031645569620253 0.08428030303030302 0.12784810126582277
0 0.4483901515151515 0.6487341772151899 0.04450757575757576 0.13291139240506328
0 0.6079545454545454 0.3829113924050633 0.03787878787878788 0.06962025316455696
0 0.4024621212121212 0.5284810126582279 0.06818181818181818 0.14556962025316456
0 0.2741477272727273 0.15443037974683543 0.04450757575757576 0.09113924050632911
0 0.3248106060606061 0.2259493670886076 0.041666666666666664 0.13037974683544304
0 0.2623106060606061 0.7037974683544304 0.0625 0.07848101265822785
0 0.2897727272727273 0.029746835443037974 0.0625 0.05443037974683544
0 0.3787878787878788 0.13037974683544304 0.045454545454545456 0.1620253164556962
0 0.3319128787878788 0.4810126582278481 0.08996212121212122 0.09367088607594937
0 0.26325757575757575 0.4487341772151899 0.058712121212121215 0.12531645569620253
0 0.39299242424242425 0.7531645569620253 0.03977272727272727 0.02278481012658228
0 0.31865530303030304 0.41835443037974684 0.11079545454545454 0.0670886075949367
0 0.4981060606060606 0.5335443037974683 0.12121212121212122 0.08227848101265822
0 0.32765151515151514 0.012025316455696202 0.03787878787878788 0.0189873417721519
0 0.2703598484848485 0.30886075949367087 0.050189393939393936 0.1518987341772152
0 0.41761363636363635 0.1981012658227848 0.054924242424242424 0.09746835443037975
0 0.4393939393939394 0.04746835443037975 0.05113636363636364 0.08987341772151898
