0 0.3106060606060606 0.7139240506329114 0.07196969696969698 0.09367088607594937
0 0.4171401515151515 0.0189873417721519 0.035037878787878785 0.03291139240506329
0 0.34375 0.012025316455696202 0.041666666666666664 0.0189873417721519
0 0.2883522727272727 0.34810126582278483 0.04450757575757576 0.17974683544303796
0 0.5345643939393939 0.1550632911392405 0.06534090909090909 0.12784810126582277
0 0.4966856060606061 0.0670886075949367 0.09185606060606061 0.0759493670886076
0 0.39678030303030304 0.06329113924050633 0.07386363636363637 0.12151898734177215
0 0.4408143939393939 0.589240506329114 0.10511363636363637 0.12025316455696203
0 0.35132575757575757 0.5632911392405063 0.08333333333333333 0.1468354430379747
0 0.3371212121212121 0.6474683544303798 0.11742424242424243 0.12784810126582277
0 0.3125 0.026582278481012658 0.06439393939393939 0.04810126582278481
0 0.3574810606060606 0.2689873417721519 0.04071969696969697 0.15569620253164557
0 0.40861742424242425 0.44746835443037974 0.11268939393939394 0.12025316455696203
0 0.4010416666666667 0.3810126582278481 0.11647727272727272 0.06835443037974684
0 0.26325757575757575 0.709493670886076 0.056818181818181816 0.09240506329113925
0 0.3106060606060606 0.560126582278481 0.043560606060606064 0.08987341772151898
0 0.3475378787878788 0.11962025316455696 0.0625 0.12278481012658228
0 0.47301136363636365 0.23481012658227848 0.10321969696969698 0.09240506329113925
0 0.2793560606060606 0.47658227848101264 0.06060606060606061 0.05949367088607595
0 0.29071969696969696 0.5177215189873418 0.11363636363636363 0.14430379746835442
0 0.29545454545454547 0.18670886075949367 0.058712121212121215 0.09240506329113925
0 0.36742424242424243 0.04746835443037975 0.056818181818181816 0.08987341772151898
0 0.32670454545454547 0.48037974683544304 0.045454545454545456 0.0670886075949367
0 0.2949810606060606 0.08164556962025317 0.05965909090909091 0.12531645569620253
0 0.29450757575757575 0.6430379746835443 0.054924242424242424 0.0810126582278481
0 0.2793560606060606 0.1291139240506329 0.032196969696969696 0.060759493670886074
0 0.3210227272727273 0.2158227848101266 0.03598484848484849 0.13037974683544304
0 0.46732954545454547 0.6278481012658228 0.08428030303030302 0.10379746835443038
0 0.30492424242424243 0.4316455696202532 0.03787878787878788 0.06329113924050633
0 0.24952651515151514 0.6234177215189873 0.048295454545454544 0.08227848101265822
0 0.3385416666666667 0.41265822784810124 0.04071969696969697 0.09367088607594937
0 0.3196022727272727 0.3284810126582278 0.036931818181818184 0.11012658227848102
0 0.2528409090909091 0.41455696202531644 0.03598484848484849 0.0670886075949367
0 0.4308712121212121 0.07658227848101266 0.03409090909090909 0.08227848101265822
0 0.2599431818181818 0.3012658227848101 0.04261363636363636 0.1341772151898734
0 0.4015151515151515 0.2310126582278481 0.056818181818181816 0.1759493670886076
0 0.48011363636363635 0.15949367088607594 0.07765151515151515 0.10379746835443038
0 0.27698863636363635 0.5449367088607595 0.08617424242424243 0.08987341772151898
