0 0.421875 0.3860759493670886 0.23011363636363635 0.1569620253164557
0 0.5028409090909091 0.4860759493670886 0.06060606060606061 0.053164556962025315
0 0.3821022727272727 0.5139240506329114 0.050189393939393936 0.19240506329113924
0 0.3702651515151515 0.640506329113924 0.08522727272727272 0.0759493670886076
0 0.3390151515151515 0.04050632911392405 0.03787878787878788 0.0759493670886076
0 0.4881628787878788 0.060759493670886074 0.11268939393939394 0.04556962025316456
0 0.3446969696969697 0.18227848101265823 0.07196969696969698 0.17721518987341772
0 0.4720643939393939 0.4170886075949367 0.048295454545454544 0.17341772151898735
0 0.421875 0.22658227848101264 0.061553030303030304 0.04810126582278481
0 0.375 0.1848101265822785 0.06439393939393939 0.1341772151898734
0 0.3072916666666667 0.4050632911392405 0.0634469696969697 0.10632911392405063
0 0.3806818181818182 0.049367088607594936 0.04734848484848485 0.09367088607594937
0 0.3446969696969697 0.49746835443037973 0.03977272727272727 0.1569620253164557
0 0.3016098484848485 0.11392405063291139 0.05776515151515151 0.14936708860759493
0 0.30445075757575757 0.6436708860759494 0.10132575757575757 0.11518987341772152
0 0.42613636363636365 0.4829113924050633 0.041666666666666664 0.14303797468354432
0 0.2703598484848485 0.09683544303797469 0.04640151515151515 0.10506329113924051
0 0.32670454545454547 0.1360759493670886 0.058712121212121215 0.11265822784810127
0 0.2831439393939394 0.5974683544303797 0.09090909090909091 0.06582278481012659
0 0.40672348484848486 0.3240506329113924 0.11837121212121213 0.05569620253164557
0 0.5303030303030303 0.5360759493670886 0.10227272727272728 0.08734177215189873
0 0.32859848484848486 0.31962025316455694 0.05113636363636364 0.07974683544303797
0 0.3016098484848485 0.008227848101265823 0.029356060606060608 0.01139240506329114
0 0.4005681818181818 0.27658227848101263 0.13636363636363635 0.05189873417721519
0 0.5757575757575758 0.010759493670886076 0.022727272727272728 0.016455696202531647
0 0.4090909090909091 0.019620253164556962 0.03787878787878788 0.03417721518987342
0 0.2793560606060606 0.25443037974683547 0.04924242424242424 0.14430379746835442
0 0.3371212121212121 0.7018987341772152 0.12310606060606061 0.05443037974683544
0 0.4289772727272727 0.12974683544303797 0.04734848484848485 0.15316455696202533
0 0.3068181818181818 0.739240506329114 0.10227272727272728 0.04556962025316456
