0 0.3428030303030303 0.03291139240506329 0.07386363636363637 0.060759493670886074
0 0.31107954545454547 0.739240506329114 0.09185606060606061 0.04556962025316456
0 0.3835227272727273 0.740506329113924 0.04924242424242424 0.04810126582278481
0 0.4275568181818182 0.3556962025316456 0.09943181818181818 0.0759493670886076
0 0.3887310606060606 0.15253164556962026 0.08049242424242424 0.0949367088607595
0 0.40482954545454547 0.3867088607594937 0.08049242424242424 0.0670886075949367
0 0.36742424242424243 0.6658227848101266 0.07954545454545454 0.13670886075949368
0 0.4318181818181818 0.6474683544303798 0.09090909090909091 0.11265822784810127
0 0.3404356060606061 0.10316455696202531 0.07481060606060606 0.08734177215189873
0 0.4990530303030303 0.10253164556962026 0.08522727272727272 0.10886075949367088
0 0.28740530303030304 0.5708860759493671 0.038825757575757576 0.0810126582278481
0 0.3678977272727273 0.720886075949367 0.08049242424242424 0.08481012658227848
0 0.3484848484848485 0.7113924050632912 0.043560606060606064 0.06835443037974684
0 0.4247159090909091 0.024683544303797468 0.038825757575757576 0.04430379746835443
0 0.34801136363636365 0.2727848101265823 0.12973484848484848 0.0620253164556962
0 0.3053977272727273 0.6341772151898735 0.09564393939393939 0.05822784810126582
0 0.31486742424242425 0.4462025316455696 0.10321969696969698 0.06455696202531645
0 0.2831439393939394 0.6829113924050633 0.09659090909090909 0.10759493670886076
0 0.42803030303030304 0.7177215189873418 0.04734848484848485 0.09113924050632911
0 0.3233901515151515 0.18734177215189873 0.07859848484848485 0.09873417721518987
0 0.3191287878787879 0.3449367088607595 0.11553030303030302 0.0670886075949367
0 0.2878787878787879 0.07658227848101266 0.03787878787878788 0.13291139240506328
0 0.3731060606060606 0.0620253164556962 0.06628787878787878 0.05822784810126582
0 0.5861742424242424 0.639873417721519 0.056818181818181816 0.16329113924050634
0 0.3172348484848485 0.40379746835443037 0.054924242424242424 0.05063291139240506
0 0.27982954545454547 0.21265822784810126 0.036931818181818184 0.1291139240506329
0 0.39678030303030304 0.19873417721518988 0.06060606060606061 0.07848101265822785
