0 0.3252840909090909 0.7360759493670886 0.09564393939393939 0.05189873417721519
0 0.31107954545454547 0.2449367088607595 0.05397727272727273 0.15822784810126583
0 0.30113636363636365 0.6822784810126582 0.05113636363636364 0.07341772151898734
0 0.43134469696969696 0.048734177215189876 0.04450757575757576 0.09240506329113925
0 0.3915719696969697 0.11012658227848102 0.09185606060606061 0.05569620253164557
0 0.35700757575757575 0.6151898734177215 0.12121212121212122 0.07088607594936709
0 0.35700757575757575 0.7056962025316456 0.08522727272727272 0.11265822784810127
0 0.3252840909090909 0.043037974683544304 0.029356060606060608 0.0810126582278481
0 0.3650568181818182 0.22468354430379747 0.09943181818181818 0.12531645569620253
0 0.3565340909090909 0.043670886075949364 0.036931818181818184 0.08227848101265822
0 0.5288825757575758 0.22784810126582278 0.05965909090909091 0.1620253164556962
0 0.27509469696969696 0.3348101265822785 0.09943181818181818 0.07974683544303797
0 0.47821969696969696 0.3246835443037975 0.08143939393939394 0.14810126582278482
0 0.31676136363636365 0.5835443037974684 0.07670454545454546 0.06582278481012659
0 0.2921401515151515 0.05506329113924051 0.048295454545454544 0.10506329113924051
0 0.38257575757575757 0.16582278481012658 0.07575757575757576 0.10886075949367088
0 0.3347537878787879 0.1379746835443038 0.05965909090909091 0.0810126582278481
0 0.4090909090909091 0.6740506329113924 0.05303030303030303 0.13291139240506328
0 0.3428030303030303 0.5227848101265823 0.06060606060606061 0.053164556962025315
0 0.2708333333333333 0.2170886075949367 0.05113636363636364 0.15569620253164557
0 0.4900568181818182 0.7063291139240506 0.09753787878787878 0.10379746835443038
0 0.3290719696969697 0.4569620253164557 0.11837121212121213 0.07088607594936709
