0 0.4393939393939394 0.7531645569620253 0.03977272727272727 0.027848101265822784
0 0.49857954545454547 0.22468354430379747 0.06534090909090909 0.16075949367088607
0 0.4256628787878788 0.09430379746835443 0.10511363636363637 0.11012658227848102
0 0.3759469696969697 0.31772151898734174 0.06628787878787878 0.16455696202531644
0 0.4403409090909091 0.5056962025316456 0.043560606060606064 0.07974683544303797
0 0.3664772727272727 0.16582278481012658 0.09848484848484848 0.10379746835443038
0 0.4289772727272727 0.370253164556962 0.05303030303030303 0.14303797468354432
0 0.31392045454545453 0.23481012658227848 0.06534090909090909 0.14810126582278482
0 0.375 0.47341772151898737 0.045454545454545456 0.08860759493670886
0 0.31676136363636365 0.06518987341772152 0.09943181818181818 0.12278481012658228
0 0.33049242424242425 0.6556962025316456 0.054924242424242424 0.14936708860759493
0 0.3868371212121212 0.0759493670886076 0.09185606060606061 0.08860759493670886
0 0.3328598484848485 0.0189873417721519 0.07291666666666667 0.03291139240506329
0 0.3399621212121212 0.1949367088607595 0.08143939393939394 0.09367088607594937
0 0.2883522727272727 0.2772151898734177 0.050189393939393936 0.10632911392405063
0 0.3787878787878788 0.00949367088607595 0.02462121212121212 0.013924050632911392
0 0.41571969696969696 0.16772151898734178 0.043560606060606064 0.056962025316455694
0 0.38825757575757575 0.7272151898734177 0.07196969696969698 0.07468354430379746
0 0.5629734848484849 0.25063291139240507 0.0634469696969697 0.11392405063291139
