0 0.5544507575757576 0.7563291139240507 0.036931818181818184 0.024050632911392405
0 0.5179924242424242 0.4360759493670886 0.03977272727272727 0.10759493670886076
0 0.3446969696969697 0.09113924050632911 0.056818181818181816 0.17215189873417722
0 0.3366477272727273 0.01708860759493671 0.04450757575757576 0.02911392405063291
0 0.29640151515151514 0.5626582278481013 0.020833333333333332 0.05443037974683544
0 0.4725378787878788 0.3284810126582278 0.07386363636363637 0.11012658227848102
0 0.4805871212121212 0.5569620253164557 0.12215909090909091 0.0759493670886076
0 0.37357954545454547 0.1291139240506329 0.09375 0.08607594936708861
0 0.4412878787878788 0.18037974683544303 0.03977272727272727 0.16582278481012658
0 0.3650568181818182 0.47468354430379744 0.09564393939393939 0.05822784810126582
0 0.2665719696969697 0.08987341772151898 0.03125 0.1240506329113924
0 0.3797348484848485 0.7259493670886076 0.03409090909090909 0.07468354430379746
0 0.36174242424242425 0.3329113924050633 0.043560606060606064 0.14430379746835442
0 0.29640151515151514 0.6278481012658228 0.04734848484848485 0.0759493670886076
0 0.5227272727272727 0.710126582278481 0.03977272727272727 0.10886075949367088
0 0.34232954545454547 0.0670886075949367 0.07670454545454546 0.09873417721518987
0 0.43513257575757575 0.7575949367088608 0.038825757575757576 0.0189873417721519
0 0.4256628787878788 0.43734177215189873 0.052083333333333336 0.15063291139240506
0 0.25615530303030304 0.7424050632911392 0.038825757575757576 0.026582278481012658
0 0.2556818181818182 0.5348101265822784 0.06818181818181818 0.13544303797468354
0 0.3347537878787879 0.6740506329113924 0.038825757575757576 0.06455696202531645
0 0.3366477272727273 0.7354430379746836 0.038825757575757576 0.053164556962025315
0 0.4583333333333333 0.3721518987341772 0.09090909090909091 0.13164556962025317
0 0.3309659090909091 0.3493670886075949 0.023674242424242424 0.1189873417721519
0 0.5085227272727273 0.5208860759493671 0.12878787878787878 0.07215189873417721
0 0.3290719696969697 0.5930379746835444 0.0634469696969697 0.18860759493670887
0 0.4109848484848485 0.23481012658227848 0.04924242424242424 0.14810126582278482
0 0.3664772727272727 0.2069620253164557 0.04734848484848485 0.04683544303797468
0 0.27509469696969696 0.6924050632911393 0.08428030303030302 0.1291139240506329
0 0.4147727272727273 0.6772151898734177 0.04924242424242424 0.1569620253164557
0 0.32670454545454547 0.5753164556962025 0.06628787878787878 0.17341772151898735
0 0.5288825757575758 0.02721518987341772 0.03125 0.049367088607594936
0 0.3016098484848485 0.689873417721519 0.036931818181818184 0.06329113924050633
0 0.27982954545454547 0.16835443037974684 0.07102272727272728 0.0379746835443038
0 0.35890151515151514 0.5183544303797468 0.05303030303030303 0.03164556962025317
0 0.3006628787878788 0.10126582278481013 0.036931818181818184 0.10379746835443038
0 0.3821022727272727 0.04810126582278481 0.04450757575757576 0.09113924050632911
0 0.3631628787878788 0.43037974683544306 0.07102272727272728 0.06835443037974684
0 0.3039772727272727 0.37278481012658227 0.04924242424242424 0.1759493670886076
0 0.28125 0.49873417721518987 0.058712121212121215 0.05822784810126582
0 0.3248106060606061 0.2620253164556962 0.08522727272727272 0.05569620253164557
0 0.2604166666666667 0.38544303797468354 0.04924242424242424 0.15569620253164557
0 0.3314393939393939 0.21329113924050633 0.10606060606060606 0.07721518987341772
0 0.2949810606060606 0.02341772151898734 0.038825757575757576 0.04177215189873418
0 0.4853219696969697 0.6322784810126583 0.11647727272727272 0.05949367088607595
0 0.4100378787878788 0.10569620253164556 0.03409090909090909 0.049367088607594936
0 0.39678030303030304 0.3550632911392405 0.03787878787878788 0.08734177215189873
0 0.2741477272727273 0.20253164556962025 0.07859848484848485 0.06329113924050633
0 0.3522727272727273 0.710126582278481 0.032196969696969696 0.08354430379746836
0 0.2765151515151515 0.3670886075949367 0.054924242424242424 0.19240506329113924
0 0.29640151515151514 0.44240506329113927 0.02462121212121212 0.04683544303797468
0 0.3896780303030303 0.5645569620253165 0.07291666666666667 0.1620253164556962
0 0.5326704545454546 0.19050632911392404 0.0634469696969697 0.06455696202531645
