0 0.3172348484848485 0.5556962025316455 0.043560606060606064 0.053164556962025315
0 0.5345643939393939 0.34367088607594937 0.05965909090909091 0.0949367088607595
0 0.32954545454545453 0.09746835443037975 0.045454545454545456 0.1848101265822785
0 0.3224431818181818 0.729746835443038 0.08617424242424243 0.05949367088607595
0 0.3328598484848485 0.020253164556962026 0.05776515151515151 0.0379746835443038
0 0.38304924242424243 0.739240506329114 0.03125 0.04810126582278481
0 0.4270833333333333 0.5006329113924051 0.041666666666666664 0.06455696202531645
0 0.2779356060606061 0.6506329113924051 0.038825757575757576 0.11392405063291139
0 0.40009469696969696 0.05949367088607595 0.038825757575757576 0.060759493670886074
0 0.4289772727272727 0.6145569620253165 0.05303030303030303 0.0670886075949367
0 0.38115530303030304 0.10886075949367088 0.11268939393939394 0.05569620253164557
0 0.390625 0.5335443037974683 0.09753787878787878 0.09240506329113925
0 0.3560606060606061 0.6436708860759494 0.05303030303030303 0.0949367088607595
0 0.3006628787878788 0.039873417721518985 0.03314393939393939 0.07468354430379746
0 0.3612689393939394 0.2829113924050633 0.07670454545454546 0.14303797468354432
0 0.35700757575757575 0.5715189873417722 0.11742424242424243 0.07974683544303797
0 0.2708333333333333 0.013924050632911392 0.02462121212121212 0.02278481012658228
0 0.5307765151515151 0.2588607594936709 0.11458333333333333 0.07974683544303797
0 0.2585227272727273 0.439873417721519 0.05303030303030303 0.1
0 0.3418560606060606 0.6968354430379747 0.032196969696969696 0.05949367088607595
0 0.506155303030303 0.4006329113924051 0.07670454545454546 0.14556962025316456
0 0.2840909090909091 0.5449367088607595 0.041666666666666664 0.11012658227848102
0 0.2713068181818182 0.3632911392405063 0.052083333333333336 0.07848101265822785
0 0.43892045454545453 0.018354430379746836 0.09753787878787878 0.03164556962025317
0 0.5331439393939394 0.3867088607594937 0.04734848484848485 0.7632911392405063
0 0.28077651515151514 0.2955696202531646 0.08617424242424243 0.08734177215189873
0 0.27982954545454547 0.10759493670886076 0.05587121212121212 0.1291139240506329
0 0.3162878787878788 0.6354430379746835 0.04734848484848485 0.13924050632911392
0 0.33238636363636365 0.17151898734177215 0.056818181818181816 0.10759493670886076
0 0.2547348484848485 0.6987341772151898 0.054924242424242424 0.10886075949367088
0 0.3873106060606061 0.6759493670886076 0.0625 0.08607594936708861
0 0.3053977272727273 0.46772151898734177 0.06912878787878787 0.14050632911392405
0 0.521780303030303 0.027848101265822784 0.043560606060606064 0.05063291139240506
0 0.2618371212121212 0.2481012658227848 0.03314393939393939 0.07848101265822785
0 0.2850378787878788 0.19240506329113924 0.06628787878787878 0.13670886075949368
0 0.35321969696969696 0.3879746835443038 0.04734848484848485 0.14810126582278482
0 0.36884469696969696 0.04430379746835443 0.04071969696969697 0.07848101265822785
0 0.3380681818181818 0.44746835443037974 0.06060606060606061 0.07721518987341772
0 0.24857954545454544 0.5164556962025316 0.03125 0.0759493670886076
0 0.3115530303030303 0.3411392405063291 0.045454545454545456 0.1379746835443038
0 0.4161931818181818 0.15443037974683543 0.08806818181818182 0.06582278481012659
0 0.41240530303030304 0.7063291139240506 0.052083333333333336 0.04556962025316456
0 0.39488636363636365 0.4253164556962025 0.041666666666666664 0.16962025316455695
0 0.4891098484848485 0.5487341772151899 0.07481060606060606 0.1860759493670886
0 0.3835227272727273 0.24556962025316456 0.0928030303030303 0.1569620253164557
0 0.2552083333333333 0.5943037974683544 0.03314393939393939 0.10253164556962026
