0 0.34611742424242425 0.07405063291139241 0.048295454545454544 0.09240506329113925
0 0.29261363636363635 0.6854430379746835 0.045454545454545456 0.14303797468354432
0 0.4914772727272727 0.05126582278481013 0.030303030303030304 0.09746835443037975
0 0.5132575757575758 0.1259493670886076 0.05113636363636364 0.10759493670886076
0 0.46070075757575757 0.06265822784810127 0.036931818181818184 0.12025316455696203
0 0.4791666666666667 0.640506329113924 0.03977272727272727 0.08607594936708861
0 0.44507575757575757 0.38544303797468354 0.10606060606060606 0.760759493670886
0 0.42234848484848486 0.11835443037974684 0.03977272727272727 0.15063291139240506
0 0.31202651515151514 0.018354430379746836 0.04261363636363636 0.03164556962025317
0 0.36174242424242425 0.34050632911392403 0.04734848484848485 0.19240506329113924
0 0.40198863636363635 0.31772151898734174 0.036931818181818184 0.09113924050632911
0 0.2556818181818182 0.5987341772151898 0.03598484848484849 0.09113924050632911
0 0.4479166666666667 0.7 0.08143939393939394 0.04556962025316456
0 0.42234848484848486 0.5715189873417722 0.07386363636363637 0.11265822784810127
0 0.3650568181818182 0.04746835443037975 0.038825757575757576 0.0620253164556962
0 0.42945075757575757 0.44556962025316454 0.07670454545454546 0.13670886075949368
0 0.34517045454545453 0.020253164556962026 0.02556818181818182 0.035443037974683546
0 0.2675189393939394 0.06329113924050633 0.036931818181818184 0.08354430379746836
0 0.2518939393939394 0.6886075949367089 0.045454545454545456 0.1291139240506329
0 0.23484848484848486 0.44367088607594934 0.043560606060606064 0.1860759493670886
0 0.35795454545454547 0.6284810126582279 0.03598484848484849 0.1
0 0.3087121212121212 0.14936708860759493 0.08901515151515152 0.10632911392405063
0 0.3565340909090909 0.7481012658227848 0.08049242424242424 0.030379746835443037
0 0.4479166666666667 0.30063291139240506 0.06060606060606061 0.05949367088607595
0 0.390625 0.11772151898734177 0.04071969696969697 0.11392405063291139
0 0.2604166666666667 0.2430379746835443 0.03598484848484849 0.1291139240506329
0 0.42613636363636365 0.028481012658227847 0.054924242424242424 0.05189873417721519
0 0.3645833333333333 0.2107594936708861 0.06439393939393939 0.07215189873417721
0 0.2864583333333333 0.5810126582278481 0.07102272727272728 0.13924050632911392
0 0.2481060606060606 0.3430379746835443 0.07386363636363637 0.060759493670886074
0 0.3347537878787879 0.17531645569620252 0.08238636363636363 0.12025316455696203
0 0.41429924242424243 0.669620253164557 0.12026515151515152 0.05822784810126582
0 0.4090909090909091 0.6107594936708861 0.06818181818181818 0.0620253164556962
0 0.2585227272727273 0.13354430379746834 0.03787878787878788 0.06455696202531645
0 0.36884469696969696 0.5132911392405063 0.038825757575757576 0.03164556962025317
0 0.34375 0.3069620253164557 0.01893939393939394 0.07721518987341772
0 0.3465909090909091 0.45569620253164556 0.08712121212121213 0.09367088607594937
0 0.3877840909090909 0.03417721518987342 0.04261363636363636 0.06329113924050633
0 0.29071969696969696 0.2968354430379747 0.041666666666666664 0.14810126582278482
0 0.29734848484848486 0.04810126582278481 0.05303030303030303 0.08860759493670886
0 0.28267045454545453 0.4449367088607595 0.052083333333333336 0.07468354430379746
0 0.32670454545454547 0.30949367088607593 0.045454545454545456 0.16582278481012658
0 0.36884469696969696 0.7050632911392405 0.11458333333333333 0.05822784810126582
0 0.3252840909090909 0.5037974683544304 0.048295454545454544 0.0810126582278481
0 0.553030303030303 0.31518987341772153 0.0625 0.05822784810126582
0 0.5700757575757576 0.6537974683544304 0.05303030303030303 0.06962025316455696
0 0.3958333333333333 0.3430379746835443 0.04924242424242424 0.13924050632911392
0 0.31297348484848486 0.10189873417721519 0.029356060606060608 0.026582278481012658
0 0.5170454545454546 0.5208860759493671 0.07196969696969698 0.15569620253164557
0 0.40577651515151514 0.3867088607594937 0.06534090909090909 0.12784810126582277
0 0.2878787878787879 0.1208860759493671 0.028409090909090908 0.04177215189873418
0 0.4010416666666667 0.23544303797468355 0.0634469696969697 0.0810126582278481
0 0.2911931818181818 0.5025316455696203 0.06912878787878787 0.13670886075949368
0 0.3035037878787879 0.3924050632911392 0.07291666666666667 0.04810126582278481
0 0.35179924242424243 0.5575949367088607 0.07859848484848485 0.07215189873417721
0 0.5724431818181818 0.12531645569620253 0.06912878787878787 0.1518987341772152
