0 0.2779356060606061 0.7246835443037974 0.05587121212121212 0.05949367088607595
0 0.5861742424242424 0.0981012658227848 0.07196969696969698 0.06962025316455696
0 0.5392992424242424 0.032278481012658226 0.09185606060606061 0.05949367088607595
0 0.40625 0.7354430379746836 0.028409090909090908 0.060759493670886074
0 0.4602272727272727 0.28670886075949364 0.04924242424242424 0.12531645569620253
0 0.47111742424242425 0.720253164556962 0.07670454545454546 0.09367088607594937
0 0.38446969696969696 0.609493670886076 0.07386363636363637 0.16582278481012658
0 0.375 0.2949367088607595 0.08333333333333333 0.09873417721518987
0 0.5274621212121212 0.710126582278481 0.06439393939393939 0.11139240506329114
0 0.3489583333333333 0.1360759493670886 0.08049242424242424 0.11265822784810127
0 0.35179924242424243 0.5930379746835444 0.05776515151515151 0.11518987341772152
0 0.4190340909090909 0.6322784810126583 0.036931818181818184 0.09240506329113925
0 0.4791666666666667 0.20632911392405062 0.08712121212121213 0.07848101265822785
0 0.2883522727272727 0.4240506329113924 0.10890151515151515 0.05822784810126582
0 0.2921401515151515 0.5702531645569621 0.06912878787878787 0.05949367088607595
0 0.29924242424242425 0.5544303797468354 0.09090909090909091 0.1949367088607595
0 0.2850378787878788 0.3379746835443038 0.03409090909090909 0.10886075949367088
0 0.27698863636363635 0.1360759493670886 0.04261363636363636 0.10506329113924051
0 0.3214962121212121 0.20253164556962025 0.038825757575757576 0.09873417721518987
0 0.31676136363636365 0.7335443037974684 0.03125 0.05189873417721519
0 0.2618371212121212 0.6810126582278481 0.036931818181818184 0.05822784810126582
0 0.30113636363636365 0.11392405063291139 0.03598484848484849 0.0810126582278481
0 0.3626893939393939 0.08860759493670886 0.041666666666666664 0.053164556962025315
0 0.3143939393939394 0.03417721518987342 0.056818181818181816 0.06329113924050633
0 0.2571022727272727 0.509493670886076 0.04450757575757576 0.06962025316455696
0 0.296875 0.26518987341772154 0.10321969696969698 0.05949367088607595
0 0.3560606060606061 0.47848101265822784 0.09090909090909091 0.060759493670886074
0 0.4891098484848485 0.6227848101265823 0.09753787878787878 0.08354430379746836
0 0.3338068181818182 0.6791139240506329 0.0634469696969697 0.13544303797468354
0 0.2727272727272727 0.6278481012658228 0.07765151515151515 0.13924050632911392
