0 0.6084280303030303 0.4259493670886076 0.048295454545454544 0.15569620253164557
0 0.43134469696969696 0.015189873417721518 0.021780303030303032 0.02531645569620253
0 0.2921401515151515 0.5151898734177215 0.12215909090909091 0.0759493670886076
0 0.44507575757575757 0.056329113924050635 0.05303030303030303 0.10759493670886076
0 0.3309659090909091 0.043670886075949364 0.038825757575757576 0.056962025316455694
0 0.3574810606060606 0.20253164556962025 0.06912878787878787 0.1569620253164557
0 0.3721590909090909 0.06329113924050633 0.03977272727272727 0.1189873417721519
0 0.5549242424242424 0.09746835443037975 0.12310606060606061 0.07088607594936709
0 0.29545454545454547 0.22341772151898734 0.06628787878787878 0.07215189873417721
0 0.3380681818181818 0.12658227848101267 0.03787878787878788 0.11645569620253164
0 0.29640151515151514 0.37721518987341773 0.05303030303030303 0.11139240506329114
0 0.6287878787878788 0.7506329113924051 0.03977272727272727 0.030379746835443037
0 0.29071969696969696 0.2727848101265823 0.09659090909090909 0.13544303797468354
0 0.2930871212121212 0.16645569620253164 0.06534090909090909 0.06962025316455696
0 0.4029356060606061 0.05189873417721519 0.035037878787878785 0.09873417721518987
0 0.2675189393939394 0.4050632911392405 0.05397727272727273 0.1620253164556962
0 0.42424242424242425 0.45759493670886076 0.03787878787878788 0.11518987341772152
0 0.2878787878787879 0.09367088607594937 0.07007575757575757 0.0759493670886076
0 0.3915719696969697 0.2310126582278481 0.12026515151515152 0.15569620253164557
0 0.3380681818181818 0.3930379746835443 0.05303030303030303 0.10253164556962026
0 0.3053977272727273 0.03734177215189873 0.08049242424242424 0.06962025316455696
0 0.28551136363636365 0.013291139240506329 0.036931818181818184 0.021518987341772152
0 0.5582386363636364 0.43734177215189873 0.07291666666666667 0.12784810126582277
0 0.3380681818181818 0.5594936708860759 0.10606060606060606 0.13164556962025317
0 0.5198863636363636 0.039240506329113925 0.09659090909090909 0.07341772151898734
