0 0.44176136363636365 0.7556962025316456 0.029356060606060608 0.02278481012658228
0 0.2949810606060606 0.7360759493670886 0.029356060606060608 0.04177215189873418
0 0.4550189393939394 0.026582278481012658 0.04071969696969697 0.04810126582278481
0 0.42803030303030304 0.16645569620253164 0.03787878787878788 0.11265822784810127
0 0.36695075757575757 0.4208860759493671 0.06534090909090909 0.13544303797468354
0 0.5265151515151515 0.17658227848101266 0.04924242424242424 0.10253164556962026
0 0.28125 0.6481012658227848 0.07386363636363637 0.10632911392405063
0 0.31013257575757575 0.3537974683544304 0.048295454545454544 0.13037974683544304
0 0.3536931818181818 0.730379746835443 0.027462121212121212 0.035443037974683546
0 0.3446969696969697 0.2569620253164557 0.054924242424242424 0.16455696202531644
0 0.4275568181818182 0.5765822784810126 0.11837121212121213 0.10506329113924051
0 0.31297348484848486 0.5886075949367089 0.08049242424242424 0.053164556962025315
0 0.3731060606060606 0.28860759493670884 0.043560606060606064 0.14936708860759493
0 0.2911931818181818 0.49936708860759493 0.05587121212121212 0.12784810126582277
0 0.40861742424242425 0.039240506329113925 0.05397727272727273 0.07341772151898734
0 0.37547348484848486 0.13037974683544304 0.036931818181818184 0.11392405063291139
0 0.4152462121212121 0.7411392405063291 0.04261363636363636 0.04683544303797468
0 0.37452651515151514 0.7455696202531645 0.036931818181818184 0.035443037974683546
0 0.38636363636363635 0.6272151898734177 0.058712121212121215 0.11772151898734177
0 0.3328598484848485 0.7462025316455696 0.038825757575757576 0.02911392405063291
0 0.34422348484848486 0.5170886075949367 0.052083333333333336 0.056962025316455694
0 0.26609848484848486 0.7063291139240506 0.03409090909090909 0.09620253164556962
0 0.36174242424242425 0.6525316455696203 0.04924242424242424 0.0670886075949367
0 0.33570075757575757 0.6734177215189874 0.05776515151515151 0.1189873417721519
0 0.3650568181818182 0.032278481012658226 0.04640151515151515 0.05949367088607595
0 0.3645833333333333 0.5139240506329114 0.0928030303030303 0.06329113924050633
0 0.5004734848484849 0.026582278481012658 0.038825757575757576 0.04810126582278481
