0 0.4024621212121212 0.05126582278481013 0.06439393939393939 0.09746835443037975
0 0.38446969696969696 0.7443037974683544 0.0928030303030303 0.04050632911392405
0 0.31392045454545453 0.012658227848101266 0.052083333333333336 0.020253164556962026
0 0.46070075757575757 0.6531645569620254 0.07102272727272728 0.07848101265822785
0 0.3565340909090909 0.06772151898734177 0.050189393939393936 0.13037974683544304
0 0.4337121212121212 0.5677215189873418 0.08522727272727272 0.0670886075949367
0 0.2608901515151515 0.4778481012658228 0.038825757575757576 0.09746835443037975
0 0.28172348484848486 0.4215189873417722 0.04071969696969697 0.12151898734177215
0 0.43702651515151514 0.47341772151898737 0.08806818181818182 0.06835443037974684
0 0.2883522727272727 0.6759493670886076 0.10700757575757576 0.13924050632911392
0 0.3025568181818182 0.28354430379746837 0.05776515151515151 0.16962025316455695
0 0.3224431818181818 0.4544303797468354 0.04071969696969697 0.1670886075949367
0 0.3300189393939394 0.26772151898734176 0.04071969696969697 0.17088607594936708
0 0.2552083333333333 0.7012658227848101 0.052083333333333336 0.10379746835443038
0 0.3158143939393939 0.6746835443037975 0.09185606060606061 0.07088607594936709
0 0.31013257575757575 0.11518987341772152 0.07859848484848485 0.13164556962025317
0 0.5923295454545454 0.739240506329114 0.048295454545454544 0.05569620253164557
0 0.3001893939393939 0.0379746835443038 0.07386363636363637 0.06835443037974684
0 0.2599431818181818 0.5759493670886076 0.06534090909090909 0.09620253164556962
0 0.2959280303030303 0.5765822784810126 0.07859848484848485 0.08734177215189873
0 0.5179924242424242 0.26962025316455696 0.0928030303030303 0.08354430379746836
0 0.3536931818181818 0.4132911392405063 0.03314393939393939 0.10506329113924051
0 0.3778409090909091 0.2892405063291139 0.041666666666666664 0.14556962025316456
0 0.2831439393939394 0.1689873417721519 0.05303030303030303 0.15822784810126583
0 0.33238636363636365 0.7132911392405064 0.10227272727272728 0.08734177215189873
0 0.5236742424242424 0.05886075949367089 0.07196969696969698 0.09746835443037975
0 0.3560606060606061 0.5512658227848102 0.06818181818181818 0.14303797468354432
0 0.5861742424242424 0.07721518987341772 0.054924242424242424 0.11139240506329114
