0 0.265625 0.7246835443037974 0.10890151515151515 0.05443037974683544
0 0.27509469696969696 0.6512658227848102 0.09185606060606061 0.12531645569620253
0 0.3977272727272727 0.08164556962025317 0.10416666666666667 0.09746835443037975
0 0.28267045454545453 0.07721518987341772 0.05776515151515151 0.08354430379746836
0 0.33759469696969696 0.024050632911392405 0.048295454545454544 0.043037974683544304
0 0.2821969696969697 0.34050632911392403 0.08901515151515152 0.13924050632911392
0 0.40388257575757575 0.02278481012658228 0.038825757575757576 0.04050632911392405
0 0.3262310606060606 0.7443037974683544 0.10132575757575757 0.035443037974683546
0 0.4081439393939394 0.42025316455696204 0.043560606060606064 0.17215189873417722
0 0.5028409090909091 0.3037974683544304 0.12310606060606061 0.11645569620253164
0 0.3068181818181818 0.5101265822784811 0.04924242424242424 0.14430379746835442
0 0.34138257575757575 0.379746835443038 0.0634469696969697 0.17468354430379746
0 0.3816287878787879 0.1569620253164557 0.041666666666666664 0.060759493670886074
0 0.3125 0.17341772151898735 0.05303030303030303 0.1240506329113924
0 0.3300189393939394 0.10379746835443038 0.052083333333333336 0.13164556962025317
0 0.3721590909090909 0.6664556962025316 0.08522727272727272 0.11772151898734177
0 0.37263257575757575 0.5373417721518987 0.06723484848484848 0.1
0 0.2689393939393939 0.16582278481012658 0.03409090909090909 0.1240506329113924
0 0.2978219696969697 0.26962025316455696 0.11268939393939394 0.0759493670886076
0 0.3106060606060606 0.022151898734177215 0.07386363636363637 0.039240506329113925
0 0.26988636363636365 0.5151898734177215 0.041666666666666664 0.09620253164556962
0 0.265625 0.4379746835443038 0.038825757575757576 0.05822784810126582
0 0.3072916666666667 0.3689873417721519 0.04071969696969697 0.08227848101265822
0 0.3664772727272727 0.4120253164556962 0.04734848484848485 0.16329113924050634
0 0.5037878787878788 0.6189873417721519 0.09659090909090909 0.08607594936708861
0 0.3650568181818182 0.10316455696202531 0.02556818181818182 0.05443037974683544
0 0.37073863636363635 0.20949367088607596 0.07859848484848485 0.12025316455696203
0 0.3309659090909091 0.640506329113924 0.09185606060606061 0.11139240506329114
0 0.4474431818181818 0.15632911392405063 0.09185606060606061 0.07468354430379746
