0 0.35511363636363635 0.1120253164556962 0.0625 0.05189873417721519
0 0.5269886363636364 0.18670886075949367 0.04071969696969697 0.0670886075949367
0 0.2537878787878788 0.720886075949367 0.07386363636363637 0.0670886075949367
0 0.4891098484848485 0.700632911392405 0.061553030303030304 0.0620253164556962
0 0.2779356060606061 0.02531645569620253 0.036931818181818184 0.04556962025316456
0 0.3664772727272727 0.6246835443037975 0.06818181818181818 0.07721518987341772
0 0.4933712121212121 0.006962025316455696 0.03787878787878788 0.01139240506329114
0 0.34232954545454547 0.6835443037974683 0.11837121212121213 0.05822784810126582
0 0.3158143939393939 0.03734177215189873 0.05965909090909091 0.06962025316455696
0 0.36884469696969696 0.4215189873417722 0.10132575757575757 0.09367088607594937
0 0.41051136363636365 0.012658227848101266 0.03314393939393939 0.02278481012658228
0 0.5321969696969697 0.640506329113924 0.11363636363636363 0.06835443037974684
0 0.37452651515151514 0.06962025316455696 0.11458333333333333 0.06329113924050633
0 0.4256628787878788 0.5677215189873418 0.10321969696969698 0.05189873417721519
0 0.4815340909090909 0.21962025316455697 0.09185606060606061 0.10759493670886076
0 0.39820075757575757 0.7575949367088608 0.061553030303030304 0.013924050632911392
0 0.24668560606060605 0.46455696202531643 0.0634469696969697 0.1848101265822785
0 0.3020833333333333 0.14936708860759493 0.0946969696969697 0.16455696202531644
0 0.38920454545454547 0.25316455696202533 0.11742424242424243 0.05569620253164557
0 0.4853219696969697 0.3031645569620253 0.07481060606060606 0.14810126582278482
0 0.3053977272727273 0.5284810126582279 0.06723484848484848 0.14556962025316456
0 0.37357954545454547 0.20759493670886076 0.08617424242424243 0.04810126582278481
0 0.2930871212121212 0.6056962025316456 0.10321969696969698 0.09746835443037975
0 0.28172348484848486 0.3056962025316456 0.08617424242424243 0.12025316455696203
0 0.36079545454545453 0.519620253164557 0.041666666666666664 0.13037974683544304
0 0.27888257575757575 0.10379746835443038 0.052083333333333336 0.0759493670886076
0 0.26515151515151514 0.2620253164556962 0.06439393939393939 0.07848101265822785
0 0.31297348484848486 0.11265822784810127 0.08238636363636363 0.12658227848101267
0 0.3522727272727273 0.31772151898734174 0.11553030303030302 0.07848101265822785
0 0.38920454545454547 0.03164556962025317 0.08712121212121213 0.05822784810126582
0 0.2713068181818182 0.4088607594936709 0.038825757575757576 0.09367088607594937
0 0.33617424242424243 0.37151898734177213 0.0928030303030303 0.05189873417721519
0 0.4853219696969697 0.15759493670886077 0.05397727272727273 0.056962025316455694
0 0.3404356060606061 0.7272151898734177 0.10511363636363637 0.05949367088607595
0 0.32954545454545453 0.7550632911392405 0.03787878787878788 0.01139240506329114
0 0.5392992424242424 0.5018987341772152 0.09185606060606061 0.12784810126582277
0 0.45928030303030304 0.7430379746835443 0.03598484848484849 0.04810126582278481
0 0.4408143939393939 0.28607594936708863 0.04640151515151515 0.15949367088607594
0 0.4900568181818182 0.5930379746835444 0.11079545454545454 0.11265822784810127
0 0.3953598484848485 0.1689873417721519 0.08238636363636363 0.06962025316455696
0 0.4251893939393939 0.5189873417721519 0.0946969696969697 0.05063291139240506
0 0.4583333333333333 0.11139240506329114 0.10984848484848485 0.07088607594936709
0 0.2897727272727273 0.20949367088607596 0.08712121212121213 0.11012658227848102
0 0.3158143939393939 0.4626582278481013 0.05397727272727273 0.13544303797468354
0 0.4053030303030303 0.7354430379746836 0.041666666666666664 0.0379746835443038
0 0.5743371212121212 0.17151898734177215 0.04450757575757576 0.056962025316455694
0 0.2533143939393939 0.6740506329113924 0.07481060606060606 0.16075949367088607
