0 0.33948863636363635 0.03417721518987342 0.07670454545454546 0.06329113924050633
0 0.29924242424242425 0.3968354430379747 0.08522727272727272 0.1379746835443038
0 0.3925189393939394 0.02721518987341772 0.048295454545454544 0.049367088607594936
0 0.37642045454545453 0.0949367088607595 0.10511363636363637 0.0810126582278481
0 0.37073863636363635 0.5151898734177215 0.10511363636363637 0.11392405063291139
0 0.42613636363636365 0.6367088607594936 0.10984848484848485 0.09113924050632911
0 0.4895833333333333 0.6664556962025316 0.06439393939393939 0.14303797468354432
0 0.5653409090909091 0.2993670886075949 0.10984848484848485 0.09240506329113925
0 0.2765151515151515 0.4670886075949367 0.04924242424242424 0.14936708860759493
0 0.3262310606060606 0.2683544303797468 0.05776515151515151 0.06835443037974684
0 0.3106060606060606 0.13924050632911392 0.056818181818181816 0.22531645569620254
0 0.49857954545454547 0.3208860759493671 0.061553030303030304 0.15822784810126583
0 0.2793560606060606 0.3037974683544304 0.03977272727272727 0.05063291139240506
0 0.3300189393939394 0.31962025316455694 0.06723484848484848 0.08227848101265822
0 0.29071969696969696 0.5981012658227848 0.10416666666666667 0.1
0 0.2604166666666667 0.7082278481012658 0.03409090909090909 0.08987341772151898
0 0.41429924242424243 0.5645569620253165 0.036931818181818184 0.10379746835443038
0 0.5847537878787878 0.25443037974683547 0.08428030303030302 0.05822784810126582
0 0.31297348484848486 0.670253164556962 0.05776515151515151 0.0949367088607595
0 0.3006628787878788 0.24620253164556963 0.06534090909090909 0.15822784810126583
0 0.2623106060606061 0.6303797468354431 0.043560606060606064 0.08607594936708861
0 0.33948863636363635 0.4892405063291139 0.08238636363636363 0.10759493670886076
0 0.28740530303030304 0.0189873417721519 0.029356060606060608 0.03291139240506329
0 0.5359848484848485 0.5151898734177215 0.04924242424242424 0.11392405063291139
0 0.26799242424242425 0.22848101265822784 0.045454545454545456 0.1379746835443038
0 0.4275568181818182 0.1341772151898734 0.09564393939393939 0.2582278481012658
0 0.3560606060606061 0.7196202531645569 0.043560606060606064 0.08481012658227848
0 0.3077651515151515 0.7379746835443038 0.03977272727272727 0.043037974683544304
