0 0.5435606060606061 0.4708860759493671 0.09090909090909091 0.09113924050632911
0 0.3125 0.7151898734177216 0.0946969696969697 0.09113924050632911
0 0.35179924242424243 0.0189873417721519 0.02556818181818182 0.03291139240506329
0 0.2883522727272727 0.3860759493670886 0.10890151515151515 0.07088607594936709
0 0.29450757575757575 0.7436708860759493 0.03787878787878788 0.02911392405063291
0 0.40198863636363635 0.04810126582278481 0.07670454545454546 0.05063291139240506
0 0.38825757575757575 0.08354430379746836 0.0928030303030303 0.09873417721518987
0 0.4375 0.7335443037974684 0.13257575757575757 0.0620253164556962
0 0.38257575757575757 0.5 0.04734848484848485 0.1341772151898734
0 0.26988636363636365 0.07341772151898734 0.043560606060606064 0.14177215189873418
0 0.3873106060606061 0.7018987341772152 0.08712121212121213 0.0620253164556962
0 0.32859848484848486 0.09430379746835443 0.08143939393939394 0.05443037974683544
0 0.5317234848484849 0.580379746835443 0.10511363636363637 0.0620253164556962
0 0.3934659090909091 0.35063291139240504 0.06912878787878787 0.05063291139240506
0 0.4266098484848485 0.5012658227848101 0.04071969696969697 0.17468354430379746
0 0.49857954545454547 0.27974683544303797 0.05776515151515151 0.18227848101265823
0 0.32386363636363635 0.1651898734177215 0.03409090909090909 0.11772151898734177
0 0.25047348484848486 0.720253164556962 0.048295454545454544 0.06835443037974684
0 0.27509469696969696 0.30759493670886073 0.07859848484848485 0.11392405063291139
0 0.3470643939393939 0.6537974683544304 0.06534090909090909 0.08734177215189873
0 0.33948863636363635 0.28037974683544303 0.10321969696969698 0.11265822784810127
0 0.4900568181818182 0.47848101265822784 0.11837121212121213 0.1291139240506329
0 0.4171401515151515 0.014556962025316455 0.050189393939393936 0.024050632911392405
0 0.5478219696969697 0.4120253164556962 0.10700757575757576 0.05949367088607595
0 0.34990530303030304 0.31329113924050633 0.09943181818181818 0.08227848101265822
0 0.2878787878787879 0.5949367088607594 0.06818181818181818 0.17215189873417722
0 0.32954545454545453 0.5031645569620253 0.054924242424242424 0.14050632911392405
0 0.3158143939393939 0.22784810126582278 0.14299242424242425 0.08860759493670886
0 0.34801136363636365 0.4240506329113924 0.052083333333333336 0.0759493670886076
0 0.3380681818181818 0.20632911392405062 0.043560606060606064 0.10632911392405063
0 0.2959280303030303 0.5132911392405063 0.0634469696969697 0.18860759493670887
0 0.3972537878787879 0.6329113924050633 0.048295454545454544 0.189873417721519
0 0.5454545454545454 0.2481012658227848 0.08712121212121213 0.12151898734177215
0 0.23200757575757575 0.6348101265822785 0.058712121212121215 0.10759493670886076
0 0.2930871212121212 0.17088607594936708 0.05776515151515151 0.1240506329113924
0 0.3768939393939394 0.17088607594936708 0.03977272727272727 0.11139240506329114
0 0.5535037878787878 0.6797468354430379 0.07102272727272728 0.11392405063291139
0 0.31392045454545453 0.0379746835443038 0.061553030303030304 0.07088607594936709
0 0.25615530303030304 0.6189873417721519 0.04071969696969697 0.08354430379746836
0 0.2372159090909091 0.4443037974683544 0.05965909090909091 0.0810126582278481
0 0.43702651515151514 0.2069620253164557 0.07859848484848485 0.05949367088607595
0 0.4654356060606061 0.760759493670886 0.048295454545454544 0.015189873417721518
0 0.38636363636363635 0.3968354430379747 0.0625 0.04683544303797468
0 0.3224431818181818 0.14936708860759493 0.035037878787878785 0.08860759493670886
0 0.4540719696969697 0.01708860759493671 0.04071969696969697 0.02911392405063291
0 0.45359848484848486 0.4911392405063291 0.030303030303030304 0.05822784810126582
0 0.2608901515151515 0.2708860759493671 0.03314393939393939 0.04810126582278481
0 0.4285037878787879 0.2683544303797468 0.08617424242424243 0.06329113924050633
0 0.3484848484848485 0.5968354430379746 0.0625 0.0949367088607595
0 0.30303030303030304 0.4208860759493671 0.05113636363636364 0.05189873417721519
