0 0.2675189393939394 0.7329113924050633 0.08238636363636363 0.043037974683544304
0 0.32859848484848486 0.28607594936708863 0.07575757575757576 0.10886075949367088
0 0.39488636363636365 0.7354430379746836 0.041666666666666664 0.05822784810126582
0 0.49195075757575757 0.20822784810126582 0.036931818181818184 0.05443037974683544
0 0.4247159090909091 0.19240506329113924 0.10132575757575757 0.10126582278481013
0 0.4441287878787879 0.06582278481012659 0.03977272727272727 0.05569620253164557
0 0.40198863636363635 0.1208860759493671 0.12026515151515152 0.05443037974683544
0 0.2878787878787879 0.015822784810126583 0.04734848484848485 0.026582278481012658
0 0.3835227272727273 0.509493670886076 0.09848484848484848 0.12784810126582277
0 0.3181818181818182 0.016455696202531647 0.04734848484848485 0.027848101265822784
0 0.47111742424242425 0.4588607594936709 0.07670454545454546 0.12278481012658228
0 0.39488636363636365 0.00949367088607595 0.026515151515151516 0.013924050632911392
0 0.45549242424242425 0.3860759493670886 0.058712121212121215 0.7620253164556962
0 0.5089962121212122 0.4759493670886076 0.06912878787878787 0.12658227848101267
0 0.36363636363636365 0.439873417721519 0.03977272727272727 0.10759493670886076
0 0.4285037878787879 0.37341772151898733 0.04640151515151515 0.1518987341772152
0 0.3309659090909091 0.7272151898734177 0.035037878787878785 0.06962025316455696
0 0.3565340909090909 0.6069620253164557 0.07670454545454546 0.1
0 0.29545454545454547 0.13291139240506328 0.11553030303030302 0.1949367088607595
0 0.34327651515151514 0.7240506329113924 0.05776515151515151 0.0759493670886076
0 0.28361742424242425 0.2917721518987342 0.03314393939393939 0.07468354430379746
0 0.42045454545454547 0.02911392405063291 0.08143939393939394 0.053164556962025315
0 0.4815340909090909 0.3658227848101266 0.06534090909090909 0.11645569620253164
0 0.36742424242424243 0.20822784810126582 0.07765151515151515 0.05949367088607595
0 0.29734848484848486 0.4550632911392405 0.06439393939393939 0.13291139240506328
0 0.32575757575757575 0.44367088607594934 0.05303030303030303 0.21645569620253163
0 0.2765151515151515 0.6088607594936709 0.0946969696969697 0.06582278481012659
0 0.41571969696969696 0.6651898734177215 0.041666666666666664 0.14556962025316456
0 0.2779356060606061 0.6734177215189874 0.10890151515151515 0.08607594936708861
0 0.31486742424242425 0.0949367088607595 0.05587121212121212 0.04810126582278481
0 0.46922348484848486 0.6316455696202532 0.10132575757575757 0.13924050632911392
0 0.24763257575757575 0.6835443037974683 0.06912878787878787 0.060759493670886074
0 0.2755681818181818 0.10632911392405063 0.03787878787878788 0.09367088607594937
0 0.3631628787878788 0.03291139240506329 0.036931818181818184 0.060759493670886074
0 0.4190340909090909 0.2968354430379747 0.04071969696969697 0.056962025316455694
0 0.3006628787878788 0.052531645569620256 0.09185606060606061 0.04430379746835443
0 0.2765151515151515 0.5481012658227848 0.0946969696969697 0.10886075949367088
0 0.34232954545454547 0.3651898734177215 0.05965909090909091 0.0670886075949367
0 0.2537878787878788 0.3588607594936709 0.05113636363636364 0.13291139240506328
0 0.35700757575757575 0.26518987341772154 0.054924242424242424 0.09240506329113925
0 0.4753787878787879 0.2670886075949367 0.07007575757575757 0.06835443037974684
0 0.38825757575757575 0.3575949367088608 0.03977272727272727 0.17341772151898735
0 0.4824810606060606 0.043037974683544304 0.04640151515151515 0.0810126582278481
0 0.2556818181818182 0.25759493670886074 0.09659090909090909 0.10253164556962026
0 0.3835227272727273 0.07721518987341772 0.08901515151515152 0.043037974683544304
0 0.2684659090909091 0.25506329113924053 0.12215909090909091 0.10759493670886076
0 0.4161931818181818 0.2481012658227848 0.08806818181818182 0.04810126582278481
0 0.35795454545454547 0.6670886075949367 0.08522727272727272 0.06835443037974684
0 0.28929924242424243 0.37468354430379747 0.05397727272727273 0.10126582278481013
0 0.5497159090909091 0.06772151898734177 0.10321969696969698 0.07721518987341772
