0 0.2940340909090909 0.30886075949367087 0.08049242424242424 0.1468354430379747
0 0.3925189393939394 0.05443037974683544 0.11079545454545454 0.04556962025316456
0 0.390625 0.10126582278481013 0.11079545454545454 0.05063291139240506
0 0.3338068181818182 0.02341772151898734 0.03125 0.04177215189873418
0 0.3399621212121212 0.3518987341772152 0.12121212121212122 0.18227848101265823
0 0.29640151515151514 0.15886075949367087 0.04734848484848485 0.11012658227848102
0 0.28551136363636365 0.3867088607594937 0.09185606060606061 0.0620253164556962
0 0.5833333333333334 0.4012658227848101 0.07954545454545454 0.05822784810126582
0 0.3371212121212121 0.1860759493670886 0.041666666666666664 0.08860759493670886
0 0.39109848484848486 0.01708860759493671 0.07954545454545454 0.02911392405063291
0 0.2850378787878788 0.05126582278481013 0.0625 0.09746835443037975
0 0.2864583333333333 0.46392405063291137 0.08049242424242424 0.12025316455696203
0 0.4053030303030303 0.6544303797468355 0.09659090909090909 0.05063291139240506
0 0.38257575757575757 0.47215189873417723 0.08712121212121213 0.11139240506329114
0 0.3134469696969697 0.26139240506329114 0.03977272727272727 0.0949367088607595
0 0.25757575757575757 0.3221518987341772 0.04924242424242424 0.07215189873417721
0 0.3641098484848485 0.5215189873417722 0.08049242424242424 0.1569620253164557
