0 0.4947916666666667 0.3512658227848101 0.0634469696969697 0.0670886075949367
0 0.2916666666666667 0.7107594936708861 0.06060606060606061 0.09746835443037975
0 0.4171401515151515 0.31265822784810127 0.06534090909090909 0.10886075949367088
0 0.3873106060606061 0.2981012658227848 0.07007575757575757 0.14556962025316456
0 0.43892045454545453 0.7234177215189873 0.09185606060606061 0.07974683544303797
0 0.38446969696969696 0.6379746835443038 0.11553030303030302 0.11392405063291139
0 0.3877840909090909 0.5563291139240506 0.04071969696969697 0.07215189873417721
0 0.2949810606060606 0.46835443037974683 0.11079545454545454 0.06835443037974684
0 0.3475378787878788 0.7063291139240506 0.020833333333333332 0.043037974683544304
0 0.37263257575757575 0.4689873417721519 0.04450757575757576 0.06455696202531645
0 0.2987689393939394 0.5468354430379747 0.10321969696969698 0.09873417721518987
0 0.2987689393939394 0.40379746835443037 0.11458333333333333 0.1240506329113924
0 0.35321969696969696 0.039240506329113925 0.10037878787878787 0.07341772151898734
0 0.31676136363636365 0.6816455696202531 0.05965909090909091 0.14050632911392405
0 0.32859848484848486 0.3740506329113924 0.10227272727272728 0.12025316455696203
0 0.25 0.7050632911392405 0.06628787878787878 0.09873417721518987
0 0.3740530303030303 0.7227848101265822 0.045454545454545456 0.06582278481012659
0 0.29734848484848486 0.00949367088607595 0.07575757575757576 0.016455696202531647
0 0.4128787878787879 0.4607594936708861 0.03977272727272727 0.13164556962025317
0 0.3409090909090909 0.6537974683544304 0.04734848484848485 0.07215189873417721
0 0.25804924242424243 0.629746835443038 0.061553030303030304 0.08227848101265822
0 0.3229166666666667 0.5727848101265823 0.08143939393939394 0.08227848101265822
0 0.3484848484848485 0.7468354430379747 0.05113636363636364 0.030379746835443037
0 0.3489583333333333 0.7240506329113924 0.050189393939393936 0.0759493670886076
0 0.6245265151515151 0.24367088607594936 0.05776515151515151 0.14050632911392405
