0 0.3626893939393939 0.018354430379746836 0.028409090909090908 0.03164556962025317
0 0.40625 0.7360759493670886 0.041666666666666664 0.05443037974683544
0 0.3158143939393939 0.7367088607594937 0.05776515151515151 0.04810126582278481
0 0.3835227272727273 0.08037974683544304 0.08333333333333333 0.06455696202531645
0 0.4147727272727273 0.6563291139240506 0.10795454545454546 0.12278481012658228
0 0.2916666666666667 0.3740506329113924 0.07575757575757576 0.05949367088607595
0 0.3196022727272727 0.09240506329113925 0.10132575757575757 0.10379746835443038
0 0.43702651515151514 0.008227848101265823 0.02556818181818182 0.01139240506329114
0 0.3996212121212121 0.46772151898734177 0.12310606060606061 0.07974683544303797
0 0.3053977272727273 0.5474683544303798 0.08806818181818182 0.0620253164556962
0 0.571969696969697 0.2936708860759494 0.05303030303030303 0.17721518987341772
0 0.33948863636363635 0.39177215189873416 0.04450757575757576 0.12278481012658228
0 0.4824810606060606 0.7417721518987341 0.04640151515151515 0.053164556962025315
0 0.39678030303030304 0.028481012658227847 0.045454545454545456 0.05189873417721519
0 0.27698863636363635 0.6107594936708861 0.07859848484848485 0.15063291139240506
0 0.3740530303030303 0.6322784810126583 0.09659090909090909 0.10253164556962026
0 0.3243371212121212 0.1879746835443038 0.11837121212121213 0.07721518987341772
0 0.3196022727272727 0.30759493670886073 0.05776515151515151 0.08354430379746836
0 0.3035037878787879 0.05063291139240506 0.08806818181818182 0.05569620253164557
0 0.5284090909090909 0.017721518987341773 0.08333333333333333 0.030379746835443037
0 0.3716856060606061 0.2968354430379747 0.08996212121212122 0.14050632911392405
0 0.28361742424242425 0.43354430379746833 0.09943181818181818 0.08227848101265822
0 0.3243371212121212 0.5075949367088608 0.11268939393939394 0.08607594936708861
0 0.25615530303030304 0.49936708860759493 0.036931818181818184 0.0670886075949367
0 0.3508522727272727 0.13670886075949368 0.12026515151515152 0.05822784810126582
0 0.2883522727272727 0.2968354430379747 0.08806818181818182 0.07468354430379746
0 0.3503787878787879 0.7227848101265822 0.0928030303030303 0.0810126582278481
