0 0.3465909090909091 0.01708860759493671 0.03598484848484849 0.02911392405063291
0 0.2845643939393939 0.7240506329113924 0.03314393939393939 0.06582278481012659
0 0.3759469696969697 0.012025316455696202 0.02462121212121212 0.0189873417721519
0 0.47632575757575757 0.052531645569620256 0.07575757575757576 0.08734177215189873
0 0.5075757575757576 0.10759493670886076 0.043560606060606064 0.12151898734177215
0 0.4786931818181818 0.5082278481012659 0.04261363636363636 0.08734177215189873
0 0.42424242424242425 0.6949367088607595 0.03977272727272727 0.13924050632911392
0 0.42424242424242425 0.17658227848101266 0.11553030303030302 0.05443037974683544
0 0.2703598484848485 0.07784810126582278 0.10511363636363637 0.07468354430379746
0 0.33570075757575757 0.26962025316455696 0.14109848484848486 0.11645569620253164
0 0.38636363636363635 0.3183544303797468 0.04924242424242424 0.11265822784810127
0 0.4630681818181818 0.640506329113924 0.043560606060606064 0.16455696202531644
0 0.4318181818181818 0.5481012658227848 0.04924242424242424 0.15949367088607594
0 0.34611742424242425 0.15886075949367087 0.06912878787878787 0.23670886075949368
0 0.3868371212121212 0.39556962025316456 0.1259469696969697 0.10506329113924051
0 0.38257575757575757 0.7531645569620253 0.041666666666666664 0.02278481012658228
0 0.4010416666666667 0.5120253164556962 0.038825757575757576 0.13544303797468354
0 0.3508522727272727 0.6613924050632911 0.035037878787878785 0.08481012658227848
0 0.2850378787878788 0.5924050632911393 0.03787878787878788 0.07848101265822785
0 0.5378787878787878 0.33544303797468356 0.043560606060606064 0.14177215189873418
0 0.2779356060606061 0.4753164556962025 0.05397727272727273 0.17341772151898735
0 0.4327651515151515 0.039873417721518985 0.03409090909090909 0.07468354430379746
0 0.36363636363636365 0.5588607594936709 0.03598484848484849 0.13037974683544304
0 0.2471590909090909 0.5411392405063291 0.041666666666666664 0.15063291139240506
0 0.3835227272727273 0.12151898734177215 0.06439393939393939 0.11139240506329114
0 0.32196969696969696 0.20569620253164558 0.09090909090909091 0.05189873417721519
0 0.30445075757575757 0.27658227848101263 0.09185606060606061 0.1
0 0.2741477272727273 0.6531645569620254 0.06912878787878787 0.06835443037974684
0 0.3252840909090909 0.5620253164556962 0.04261363636363636 0.15949367088607594
0 0.5757575757575758 0.3556962025316456 0.03598484848484849 0.13924050632911392
0 0.39015151515151514 0.660126582278481 0.03787878787878788 0.15569620253164557
0 0.3162878787878788 0.6968354430379747 0.041666666666666664 0.11012658227848102
0 0.29450757575757575 0.14746835443037976 0.06818181818181818 0.10506329113924051
0 0.3115530303030303 0.3449367088607595 0.04734848484848485 0.07215189873417721
0 0.39867424242424243 0.03417721518987342 0.03977272727272727 0.06582278481012659
0 0.5426136363636364 0.5335443037974683 0.041666666666666664 0.15063291139240506
0 0.3020833333333333 0.3810126582278481 0.07575757575757576 0.10632911392405063
0 0.24100378787878787 0.3689873417721519 0.04071969696969697 0.12278481012658228
0 0.32859848484848486 0.07088607594936709 0.07765151515151515 0.09620253164556962
0 0.32670454545454547 0.45569620253164556 0.06818181818181818 0.06835443037974684
0 0.30445075757575757 0.024050632911392405 0.05776515151515151 0.043037974683544304
0 0.4640151515151515 0.021518987341772152 0.03409090909090909 0.0379746835443038
0 0.2618371212121212 0.22341772151898734 0.04261363636363636 0.09746835443037975
0 0.4337121212121212 0.33354430379746836 0.04924242424242424 0.14050632911392405
0 0.3612689393939394 0.6981012658227848 0.04071969696969697 0.12531645569620253
