0 0.3072916666666667 0.7139240506329114 0.04261363636363636 0.04556962025316456
0 0.3087121212121212 0.7246835443037974 0.045454545454545456 0.0670886075949367
0 0.29545454545454547 0.3291139240506329 0.05303030303030303 0.16962025316455695
0 0.3693181818181818 0.7455696202531645 0.07954545454545454 0.0379746835443038
0 0.28077651515151514 0.7436708860759493 0.04640151515151515 0.02911392405063291
0 0.3963068181818182 0.4132911392405063 0.04450757575757576 0.16075949367088607
0 0.3787878787878788 0.6113924050632912 0.11174242424242424 0.06835443037974684
0 0.32670454545454547 0.07721518987341772 0.11931818181818182 0.06582278481012659
0 0.5421401515151515 0.26582278481012656 0.06912878787878787 0.10126582278481013
0 0.2599431818181818 0.4525316455696203 0.038825757575757576 0.17088607594936708
0 0.3475378787878788 0.2449367088607595 0.03977272727272727 0.07974683544303797
0 0.4550189393939394 0.41139240506329117 0.05397727272727273 0.1189873417721519
0 0.2760416666666667 0.6234177215189873 0.052083333333333336 0.14303797468354432
0 0.484375 0.060126582278481014 0.038825757575757576 0.11518987341772152
0 0.3484848484848485 0.3208860759493671 0.056818181818181816 0.23164556962025318
0 0.2585227272727273 0.6632911392405063 0.05303030303030303 0.15443037974683543
0 0.3802083333333333 0.6917721518987342 0.04261363636363636 0.10506329113924051
0 0.3196022727272727 0.4854430379746835 0.07859848484848485 0.16075949367088607
0 0.5634469696969697 0.29430379746835444 0.05303030303030303 0.0620253164556962
0 0.36553030303030304 0.5 0.06060606060606061 0.10886075949367088
0 0.5667613636363636 0.008860759493670886 0.035037878787878785 0.012658227848101266
0 0.2774621212121212 0.05886075949367089 0.056818181818181816 0.04683544303797468
0 0.3404356060606061 0.4 0.07859848484848485 0.07848101265822785
0 0.3214962121212121 0.15886075949367087 0.036931818181818184 0.10759493670886076
0 0.3683712121212121 0.02341772151898734 0.09659090909090909 0.04177215189873418
0 0.2978219696969697 0.024050632911392405 0.03314393939393939 0.043037974683544304
0 0.3877840909090909 0.2879746835443038 0.05397727272727273 0.08987341772151898
0 0.26609848484848486 0.28607594936708863 0.05113636363636364 0.1620253164556962
0 0.4341856060606061 0.30063291139240506 0.04450757575757576 0.16329113924050634
0 0.32386363636363635 0.65 0.07765151515151515 0.15822784810126583
0 0.30634469696969696 0.5430379746835443 0.05397727272727273 0.10632911392405063
