0 0.3721590909090909 0.02278481012658228 0.028409090909090908 0.04050632911392405
0 0.2864583333333333 0.5702531645569621 0.07291666666666667 0.10506329113924051
0 0.5028409090909091 0.47658227848101264 0.11363636363636363 0.09746835443037975
0 0.2755681818181818 0.7132911392405064 0.04924242424242424 0.08481012658227848
0 0.4180871212121212 0.017721518987341773 0.035037878787878785 0.030379746835443037
0 0.34422348484848486 0.05126582278481013 0.035037878787878785 0.04177215189873418
0 0.5397727272727273 0.12721518987341773 0.041666666666666664 0.16582278481012658
0 0.30113636363636365 0.6759493670886076 0.07575757575757576 0.09873417721518987
0 0.4043560606060606 0.710126582278481 0.10984848484848485 0.05063291139240506
0 0.2755681818181818 0.08417721518987342 0.03598484848484849 0.15063291139240506
0 0.3196022727272727 0.03860759493670886 0.052083333333333336 0.07215189873417721
0 0.37263257575757575 0.31962025316455694 0.08617424242424243 0.15063291139240506
0 0.34375 0.39746835443037976 0.03977272727272727 0.08607594936708861
0 0.4247159090909091 0.7468354430379747 0.14109848484848486 0.04050632911392405
0 0.5260416666666666 0.6651898734177215 0.08049242424242424 0.06962025316455696
0 0.3489583333333333 0.0949367088607595 0.10132575757575757 0.053164556962025315
0 0.3494318181818182 0.5120253164556962 0.05113636363636364 0.07721518987341772
0 0.48863636363636365 0.23164556962025318 0.0946969696969697 0.0759493670886076
0 0.23863636363636365 0.7044303797468354 0.04924242424242424 0.09746835443037975
0 0.3229166666666667 0.7253164556962025 0.03409090909090909 0.06835443037974684
0 0.4786931818181818 0.3537974683544304 0.038825757575757576 0.13037974683544304
0 0.27698863636363635 0.5240506329113924 0.07859848484848485 0.13924050632911392
0 0.2675189393939394 0.2721518987341772 0.06534090909090909 0.1240506329113924
0 0.41051136363636365 0.0670886075949367 0.0634469696969697 0.12658227848101267
0 0.3366477272727273 0.5943037974683544 0.04071969696969697 0.10759493670886076
0 0.26325757575757575 0.5791139240506329 0.026515151515151516 0.08734177215189873
0 0.31297348484848486 0.6379746835443038 0.08238636363636363 0.11392405063291139
0 0.33049242424242425 0.2158227848101266 0.045454545454545456 0.16329113924050634
0 0.30492424242424243 0.1651898734177215 0.03787878787878788 0.13291139240506328
0 0.4256628787878788 0.6664556962025316 0.1259469696969697 0.05443037974683544
0 0.4393939393939394 0.056962025316455694 0.032196969696969696 0.05822784810126582
0 0.2793560606060606 0.20759493670886076 0.04734848484848485 0.09367088607594937
0 0.36079545454545453 0.2683544303797468 0.028409090909090908 0.04556962025316456
0 0.4128787878787879 0.5715189873417722 0.05113636363636364 0.13544303797468354
0 0.49857954545454547 0.027848101265822784 0.036931818181818184 0.05063291139240506
0 0.42945075757575757 0.419620253164557 0.038825757575757576 0.0620253164556962
0 0.2869318181818182 0.4430379746835443 0.041666666666666664 0.12151898734177215
0 0.33428030303030304 0.4816455696202532 0.13257575757575757 0.1860759493670886
0 0.24289772727272727 0.6183544303797468 0.04071969696969697 0.12531645569620253
0 0.3172348484848485 0.29873417721518986 0.05113636363636364 0.11392405063291139
0 0.23484848484848486 0.47025316455696203 0.041666666666666664 0.09746835443037975
0 0.34990530303030304 0.7398734177215189 0.027462121212121212 0.039240506329113925
0 0.3153409090909091 0.40569620253164557 0.03598484848484849 0.13291139240506328
0 0.5449810606060606 0.4278481012658228 0.07859848484848485 0.10632911392405063
0 0.3087121212121212 0.5658227848101266 0.028409090909090908 0.09620253164556962
0 0.40009469696969696 0.47151898734177217 0.05587121212121212 0.12531645569620253
0 0.48200757575757575 0.5227848101265823 0.10416666666666667 0.07848101265822785
0 0.4474431818181818 0.3158227848101266 0.03314393939393939 0.12278481012658228
0 0.39015151515151514 0.24430379746835443 0.07954545454545454 0.14177215189873418
0 0.3887310606060606 0.14177215189873418 0.08238636363636363 0.06329113924050633
0 0.2571022727272727 0.33354430379746836 0.06723484848484848 0.10253164556962026
0 0.43134469696969696 0.19430379746835444 0.05776515151515151 0.0949367088607595
0 0.49573863636363635 0.12784810126582277 0.05776515151515151 0.13164556962025317
0 0.2627840909090909 0.40759493670886077 0.029356060606060608 0.043037974683544304
0 0.3716856060606061 0.740506329113924 0.02556818181818182 0.017721518987341773
0 0.3702651515151515 0.5930379746835444 0.03977272727272727 0.12531645569620253
