0 0.4815340909090909 0.7348101265822785 0.036931818181818184 0.06455696202531645
0 0.4805871212121212 0.5455696202531646 0.06723484848484848 0.1341772151898734
0 0.28551136363636365 0.7335443037974684 0.048295454545454544 0.049367088607594936
0 0.48579545454545453 0.11772151898734177 0.03977272727272727 0.1291139240506329
0 0.4427083333333333 0.7468354430379747 0.036931818181818184 0.0379746835443038
0 0.30634469696969696 0.7050632911392405 0.05587121212121212 0.09620253164556962
0 0.39678030303030304 0.19556962025316454 0.07765151515151515 0.06455696202531645
0 0.3555871212121212 0.6892405063291139 0.09185606060606061 0.10506329113924051
0 0.35700757575757575 0.43924050632911393 0.09090909090909091 0.10632911392405063
0 0.4303977272727273 0.5873417721518988 0.08617424242424243 0.1468354430379747
0 0.3314393939393939 0.16075949367088607 0.07954545454545454 0.09620253164556962
0 0.26136363636363635 0.46582278481012657 0.06628787878787878 0.12151898734177215
0 0.33049242424242425 0.34240506329113923 0.10984848484848485 0.12784810126582277
0 0.34375 0.5424050632911392 0.09659090909090909 0.11772151898734177
0 0.38304924242424243 0.24936708860759493 0.09753787878787878 0.060759493670886074
0 0.3172348484848485 0.31329113924050633 0.10037878787878787 0.08481012658227848
0 0.4109848484848485 0.6544303797468355 0.04924242424242424 0.10886075949367088
0 0.32575757575757575 0.2221518987341772 0.07765151515151515 0.1
0 0.24147727272727273 0.7031645569620253 0.054924242424242424 0.056962025316455694
0 0.3740530303030303 0.08860759493670886 0.041666666666666664 0.07341772151898734
0 0.5189393939393939 0.720253164556962 0.04924242424242424 0.09367088607594937
0 0.35795454545454547 0.6303797468354431 0.09090909090909091 0.12658227848101267
0 0.32196969696969696 0.10189873417721519 0.06439393939393939 0.10506329113924051
0 0.2552083333333333 0.5518987341772152 0.04261363636363636 0.1620253164556962
0 0.2623106060606061 0.3183544303797468 0.041666666666666664 0.10253164556962026
0 0.4654356060606061 0.2468354430379747 0.04071969696969697 0.09873417721518987
0 0.3731060606060606 0.7417721518987341 0.056818181818181816 0.043037974683544304
0 0.3385416666666667 0.7462025316455696 0.023674242424242424 0.02911392405063291
0 0.32386363636363635 0.4158227848101266 0.09848484848484848 0.10506329113924051
0 0.4943181818181818 0.2689873417721519 0.041666666666666664 0.1379746835443038
0 0.40767045454545453 0.30886075949367087 0.07291666666666667 0.13670886075949368
0 0.29450757575757575 0.08670886075949367 0.04924242424242424 0.06962025316455696
0 0.2741477272727273 0.21772151898734177 0.038825757575757576 0.10886075949367088
