0 0.4569128787878788 0.3588607594936709 0.07102272727272728 0.16329113924050634
0 0.4393939393939394 0.06265822784810127 0.10795454545454546 0.08987341772151898
0 0.3996212121212121 0.10443037974683544 0.054924242424242424 0.10253164556962026
0 0.4128787878787879 0.4310126582278481 0.04734848484848485 0.1759493670886076
0 0.3456439393939394 0.28354430379746837 0.04924242424242424 0.17721518987341772
0 0.4034090909090909 0.014556962025316455 0.03977272727272727 0.026582278481012658
0 0.6051136363636364 0.7367088607594937 0.043560606060606064 0.060759493670886074
0 0.34990530303030304 0.1810126582278481 0.052083333333333336 0.1670886075949367
0 0.4356060606060606 0.2449367088607595 0.058712121212121215 0.06455696202531645
0 0.2803030303030303 0.7329113924050633 0.03787878787878788 0.04810126582278481
0 0.26515151515151514 0.37151898734177213 0.07386363636363637 0.12531645569620253
0 0.3091856060606061 0.25063291139240507 0.04261363636363636 0.1240506329113924
0 0.3338068181818182 0.6151898734177215 0.05587121212121212 0.09873417721518987
0 0.3347537878787879 0.7341772151898734 0.07102272727272728 0.05569620253164557
0 0.296875 0.1259493670886076 0.06534090909090909 0.1
0 0.34422348484848486 0.40253164556962023 0.052083333333333336 0.17468354430379746
0 0.375 0.1259493670886076 0.04734848484848485 0.06455696202531645
0 0.2935606060606061 0.6050632911392405 0.05303030303030303 0.09873417721518987
0 0.33759469696969696 0.6841772151898734 0.15246212121212122 0.05949367088607595
0 0.3858901515151515 0.5354430379746835 0.04450757575757576 0.22531645569620254
0 0.2784090909090909 0.1930379746835443 0.03977272727272727 0.11265822784810127
0 0.3271780303030303 0.07341772151898734 0.06534090909090909 0.04556962025316456
0 0.36553030303030304 0.021518987341772152 0.043560606060606064 0.0379746835443038
0 0.2902462121212121 0.33164556962025316 0.05965909090909091 0.1468354430379747
0 0.3475378787878788 0.5487341772151899 0.07007575757575757 0.18354430379746836
0 0.3196022727272727 0.02721518987341772 0.04261363636363636 0.049367088607594936
0 0.296875 0.5075949367088608 0.038825757575757576 0.12151898734177215
0 0.4228219696969697 0.20822784810126582 0.04261363636363636 0.05189873417721519
0 0.38257575757575757 0.27784810126582277 0.03977272727272727 0.16835443037974684
0 0.4493371212121212 0.5341772151898734 0.07481060606060606 0.18227848101265823
