0 0.28551136363636365 0.7107594936708861 0.061553030303030304 0.07468354430379746
0 0.5487689393939394 0.34050632911392403 0.04261363636363636 0.11645569620253164
0 0.47679924242424243 0.11012658227848102 0.04071969696969697 0.11645569620253164
0 0.42045454545454547 0.1569620253164557 0.09848484848484848 0.1240506329113924
0 0.2765151515151515 0.060759493670886074 0.043560606060606064 0.11392405063291139
0 0.37547348484848486 0.4531645569620253 0.04640151515151515 0.17215189873417722
0 0.45454545454545453 0.7632911392405063 0.05113636363636364 0.010126582278481013
0 0.4015151515151515 0.620253164556962 0.041666666666666664 0.09873417721518987
0 0.35984848484848486 0.049367088607594936 0.03598484848484849 0.09367088607594937
0 0.4384469696969697 0.5740506329113924 0.045454545454545456 0.15316455696202533
0 0.32765151515151514 0.0189873417721519 0.03409090909090909 0.03291139240506329
0 0.3650568181818182 0.6481012658227848 0.035037878787878785 0.06835443037974684
0 0.35984848484848486 0.14810126582278482 0.07386363636363637 0.06582278481012659
0 0.29924242424242425 0.24113924050632912 0.06439393939393939 0.14810126582278482
0 0.6060606060606061 0.7354430379746836 0.06439393939393939 0.060759493670886074
0 0.35700757575757575 0.3569620253164557 0.13068181818181818 0.08607594936708861
0 0.4640151515151515 0.4670886075949367 0.056818181818181816 0.1569620253164557
0 0.3039772727272727 0.6462025316455696 0.04734848484848485 0.06962025316455696
0 0.32054924242424243 0.4341772151898734 0.04071969696969697 0.07341772151898734
0 0.44886363636363635 0.025949367088607594 0.0625 0.04430379746835443
0 0.5213068181818182 0.46835443037974683 0.06534090909090909 0.20506329113924052
0 0.3371212121212121 0.23291139240506328 0.06818181818181818 0.11392405063291139
0 0.2959280303030303 0.5639240506329114 0.06723484848484848 0.14050632911392405
0 0.3494318181818182 0.5512658227848102 0.06439393939393939 0.15822784810126583
0 0.3877840909090909 0.23164556962025318 0.0634469696969697 0.04556962025316456
0 0.24952651515151514 0.6873417721518987 0.05776515151515151 0.07088607594936709
0 0.4668560606060606 0.6753164556962026 0.10984848484848485 0.06455696202531645
0 0.39488636363636365 0.7082278481012658 0.09659090909090909 0.05443037974683544
0 0.3233901515151515 0.7177215189873418 0.04450757575757576 0.08354430379746836
0 0.2694128787878788 0.12974683544303797 0.036931818181818184 0.056962025316455694
0 0.3475378787878788 0.4240506329113924 0.028409090909090908 0.07848101265822785
0 0.2997159090909091 0.15379746835443037 0.04261363636363636 0.06962025316455696
0 0.5525568181818182 0.7177215189873418 0.06723484848484848 0.08354430379746836
0 0.3143939393939394 0.31708860759493673 0.125 0.08734177215189873
0 0.4100378787878788 0.28417721518987343 0.09848484848484848 0.0620253164556962
0 0.2935606060606061 0.47025316455696203 0.054924242424242424 0.16075949367088607
0 0.3224431818181818 0.06582278481012659 0.05587121212121212 0.09620253164556962
0 0.26799242424242425 0.6151898734177215 0.03409090909090909 0.0759493670886076
0 0.24573863636363635 0.5088607594936709 0.04071969696969697 0.1468354430379747
0 0.3347537878787879 0.640506329113924 0.021780303030303032 0.07341772151898734
0 0.2935606060606061 0.010126582278481013 0.020833333333333332 0.015189873417721518
0 0.4034090909090909 0.5145569620253164 0.05303030303030303 0.14556962025316456
0 0.3958333333333333 0.04810126582278481 0.03598484848484849 0.09113924050632911
0 0.25946969696969696 0.22151898734177214 0.041666666666666664 0.13924050632911392
0 0.43607954545454547 0.08670886075949367 0.04450757575757576 0.08227848101265822
0 0.2618371212121212 0.41012658227848103 0.038825757575757576 0.10886075949367088
