0 0.2930871212121212 0.6962025316455697 0.1259469696969697 0.08860759493670886
0 0.4881628787878788 0.4139240506329114 0.052083333333333336 0.13164556962025317
0 0.5227272727272727 0.0189873417721519 0.056818181818181816 0.03291139240506329
0 0.40672348484848486 0.7341772151898734 0.04450757575757576 0.06329113924050633
0 0.43323863636363635 0.3 0.08049242424242424 0.05569620253164557
0 0.5378787878787878 0.0670886075949367 0.0946969696969697 0.053164556962025315
0 0.43797348484848486 0.03670886075949367 0.036931818181818184 0.06835443037974684
0 0.4228219696969697 0.670253164556962 0.09185606060606061 0.07721518987341772
0 0.3683712121212121 0.7151898734177216 0.043560606060606064 0.09367088607594937
0 0.3210227272727273 0.04240506329113924 0.04734848484848485 0.07974683544303797
0 0.3802083333333333 0.3493670886075949 0.09185606060606061 0.07341772151898734
0 0.43134469696969696 0.5727848101265823 0.13541666666666666 0.0620253164556962
0 0.31202651515151514 0.5841772151898734 0.05587121212121212 0.1379746835443038
0 0.4900568181818182 0.7455696202531645 0.07291666666666667 0.043037974683544304
0 0.3740530303030303 0.05822784810126582 0.07765151515151515 0.11139240506329114
0 0.44507575757575757 0.20506329113924052 0.13257575757575757 0.07341772151898734
0 0.3541666666666667 0.02911392405063291 0.03977272727272727 0.053164556962025315
0 0.4029356060606061 0.3879746835443038 0.05587121212121212 0.0620253164556962
0 0.2675189393939394 0.6987341772151898 0.038825757575757576 0.11392405063291139
0 0.2637310606060606 0.5208860759493671 0.04450757575757576 0.15063291139240506
0 0.4640151515151515 0.010126582278481013 0.02462121212121212 0.015189873417721518
0 0.28267045454545453 0.4253164556962025 0.04071969696969697 0.08607594936708861
0 0.2537878787878788 0.6670886075949367 0.05303030303030303 0.05569620253164557
0 0.31392045454545453 0.3860759493670886 0.07859848484848485 0.14177215189873418
0 0.3058712121212121 0.2791139240506329 0.045454545454545456 0.15569620253164557
0 0.3958333333333333 0.024683544303797468 0.03787878787878788 0.04430379746835443
0 0.3068181818181818 0.4854430379746835 0.04924242424242424 0.05443037974683544
0 0.3077651515151515 0.08164556962025317 0.058712121212121215 0.1379746835443038
0 0.3944128787878788 0.16772151898734178 0.08617424242424243 0.0620253164556962
0 0.359375 0.12784810126582277 0.06723484848484848 0.08354430379746836
0 0.3224431818181818 0.19430379746835444 0.08617424242424243 0.08987341772151898
0 0.27509469696969696 0.6284810126582279 0.07670454545454546 0.07721518987341772
0 0.3196022727272727 0.7050632911392405 0.06912878787878787 0.07088607594936709
0 0.27509469696969696 0.10379746835443038 0.038825757575757576 0.0759493670886076
0 0.3565340909090909 0.2639240506329114 0.061553030303030304 0.05949367088607595
0 0.4384469696969697 0.3594936708860759 0.043560606060606064 0.06582278481012659
0 0.36742424242424243 0.5069620253164557 0.08143939393939394 0.0620253164556962
0 0.3484848484848485 0.5879746835443038 0.056818181818181816 0.13544303797468354
0 0.36079545454545453 0.31645569620253167 0.06818181818181818 0.07088607594936709
0 0.25757575757575757 0.34746835443037977 0.03598484848484849 0.13291139240506328
0 0.4502840909090909 0.24556962025316456 0.09564393939393939 0.060759493670886074
0 0.5672348484848485 0.00949367088607595 0.03787878787878788 0.013924050632911392
0 0.4128787878787879 0.08481012658227848 0.03598484848484849 0.10632911392405063
0 0.26420454545454547 0.19936708860759494 0.03977272727272727 0.11265822784810127
0 0.40672348484848486 0.43734177215189873 0.11079545454545454 0.0620253164556962
0 0.5587121212121212 0.15126582278481013 0.07196969696969698 0.10253164556962026
0 0.3058712121212121 0.7411392405063291 0.041666666666666664 0.03670886075949367
