0 0.30634469696969696 0.7398734177215189 0.08049242424242424 0.04430379746835443
0 0.4753787878787879 0.07341772151898734 0.08143939393939394 0.09620253164556962
0 0.4962121212121212 0.3594936708860759 0.04734848484848485 0.12658227848101267
0 0.4474431818181818 0.7113924050632912 0.07291666666666667 0.09873417721518987
0 0.38304924242424243 0.6873417721518987 0.05587121212121212 0.14936708860759493
0 0.3503787878787879 0.6943037974683545 0.05113636363636364 0.13291139240506328
0 0.32954545454545453 0.027848101265822784 0.03598484848484849 0.05063291139240506
0 0.4464962121212121 0.6455696202531646 0.08996212121212122 0.10126582278481013
0 0.3664772727272727 0.04177215189873418 0.07386363636363637 0.07848101265822785
0 0.27320075757575757 0.3018987341772152 0.0634469696969697 0.15316455696202533
0 0.328125 0.17215189873417722 0.07291666666666667 0.13164556962025317
0 0.3016098484848485 0.5974683544303797 0.1259469696969697 0.05822784810126582
0 0.2911931818181818 0.02341772151898734 0.05776515151515151 0.04177215189873418
0 0.3328598484848485 0.3120253164556962 0.09753787878787878 0.10759493670886076
0 0.3721590909090909 0.09177215189873418 0.07575757575757576 0.11772151898734177
0 0.3214962121212121 0.25063291139240507 0.09943181818181818 0.0759493670886076
0 0.28125 0.670253164556962 0.10795454545454546 0.13037974683544304
0 0.31202651515151514 0.4759493670886076 0.05587121212121212 0.189873417721519
0 0.3996212121212121 0.579746835443038 0.03977272727272727 0.14430379746835442
0 0.2703598484848485 0.07341772151898734 0.04261363636363636 0.06582278481012659
0 0.3143939393939394 0.08481012658227848 0.04924242424242424 0.07341772151898734
0 0.2471590909090909 0.7107594936708861 0.043560606060606064 0.08734177215189873
0 0.4559659090909091 0.33734177215189876 0.048295454545454544 0.1911392405063291
0 0.5610795454545454 0.39746835443037976 0.07859848484848485 0.053164556962025315
0 0.27888257575757575 0.15886075949367087 0.04640151515151515 0.10506329113924051
0 0.44886363636363635 0.04746835443037975 0.09848484848484848 0.08987341772151898
