0 0.3612689393939394 0.021518987341772152 0.04071969696969697 0.0379746835443038
0 0.5383522727272727 0.3018987341772152 0.05587121212121212 0.10759493670886076
0 0.2840909090909091 0.6968354430379747 0.06439393939393939 0.10506329113924051
0 0.38636363636363635 0.010759493670886076 0.028409090909090908 0.021518987341772152
0 0.30113636363636365 0.2968354430379747 0.1268939393939394 0.0670886075949367
0 0.4171401515151515 0.7436708860759493 0.11268939393939394 0.04430379746835443
0 0.2902462121212121 0.580379746835443 0.04261363636363636 0.06455696202531645
0 0.46922348484848486 0.026582278481012658 0.036931818181818184 0.04810126582278481
0 0.4588068181818182 0.5278481012658228 0.04450757575757576 0.13924050632911392
0 0.44696969696969696 0.0759493670886076 0.058712121212121215 0.1468354430379747
0 0.46922348484848486 0.6069620253164557 0.08049242424242424 0.11012658227848102
0 0.3338068181818182 0.02721518987341772 0.02556818181818182 0.049367088607594936
0 0.28882575757575757 0.11455696202531646 0.04924242424242424 0.09240506329113925
0 0.41051136363636365 0.018354430379746836 0.035037878787878785 0.03164556962025317
0 0.5014204545454546 0.6613924050632911 0.04640151515151515 0.14556962025316456
0 0.6070075757575758 0.15886075949367087 0.10227272727272728 0.0949367088607595
0 0.3428030303030303 0.11518987341772152 0.10037878787878787 0.13164556962025317
0 0.3896780303030303 0.3259493670886076 0.08996212121212122 0.05189873417721519
0 0.5615530303030303 0.01139240506329114 0.030303030303030304 0.017721518987341773
0 0.5037878787878788 0.22025316455696203 0.06818181818181818 0.08860759493670886
0 0.27367424242424243 0.013924050632911392 0.026515151515151516 0.02278481012658228
0 0.5260416666666666 0.07721518987341772 0.08428030303030302 0.0810126582278481
0 0.24526515151515152 0.49936708860759493 0.054924242424242424 0.14050632911392405
0 0.2741477272727273 0.45379746835443036 0.05397727272727273 0.1
0 0.3214962121212121 0.7531645569620253 0.07481060606060606 0.017721518987341773
0 0.49384469696969696 0.46835443037974683 0.05587121212121212 0.10886075949367088
0 0.29545454545454547 0.13670886075949368 0.06060606060606061 0.13670886075949368
0 0.3456439393939394 0.4272151898734177 0.09848484848484848 0.11265822784810127
0 0.38115530303030304 0.10253164556962026 0.08806818181818182 0.1341772151898734
0 0.3096590909090909 0.6284810126582279 0.07386363636363637 0.08734177215189873
0 0.3712121212121212 0.680379746835443 0.0625 0.12025316455696203
0 0.42329545454545453 0.5379746835443038 0.03977272727272727 0.1949367088607595
0 0.3333333333333333 0.6746835443037975 0.0625 0.1518987341772152
0 0.2793560606060606 0.1670886075949367 0.04924242424242424 0.10632911392405063
0 0.32765151515151514 0.4854430379746835 0.08522727272727272 0.16329113924050634
0 0.296875 0.2481012658227848 0.11458333333333333 0.05822784810126582
0 0.24242424242424243 0.6265822784810127 0.08901515151515152 0.07848101265822785
0 0.3678977272727273 0.2259493670886076 0.08238636363636363 0.05443037974683544
0 0.3053977272727273 0.049367088607594936 0.04450757575757576 0.09367088607594937
0 0.37452651515151514 0.056329113924050635 0.08428030303030302 0.04683544303797468
0 0.36079545454545453 0.37721518987341773 0.0946969696969697 0.08607594936708861
0 0.2864583333333333 0.34050632911392403 0.05587121212121212 0.14936708860759493
0 0.25615530303030304 0.35443037974683544 0.04261363636363636 0.08860759493670886
0 0.31013257575757575 0.09873417721518987 0.061553030303030304 0.09873417721518987
0 0.3224431818181818 0.5379746835443038 0.052083333333333336 0.10379746835443038
0 0.3977272727272727 0.23544303797468355 0.08522727272727272 0.14936708860759493
0 0.3797348484848485 0.1689873417721519 0.10037878787878787 0.06962025316455696
0 0.23958333333333334 0.14556962025316456 0.03598484848484849 0.14177215189873418
0 0.4483901515151515 0.13481012658227848 0.05397727272727273 0.2620253164556962
0 0.4251893939393939 0.3430379746835443 0.058712121212121215 0.07848101265822785
0 0.5269886363636364 0.032278481012658226 0.050189393939393936 0.05189873417721519
0 0.28077651515151514 0.519620253164557 0.035037878787878785 0.06962025316455696
0 0.3849431818181818 0.5443037974683544 0.04450757575757576 0.1569620253164557
