0 0.5378787878787878 0.4778481012658228 0.045454545454545456 0.12278481012658228
0 0.29640151515151514 0.7215189873417721 0.08143939393939394 0.07088607594936709
0 0.3134469696969697 0.44113924050632913 0.04734848484848485 0.15063291139240506
0 0.5776515151515151 0.13734177215189874 0.10037878787878787 0.0670886075949367
0 0.4734848484848485 0.42025316455696204 0.07575757575757576 0.12658227848101267
0 0.30303030303030304 0.6734177215189874 0.045454545454545456 0.04810126582278481
0 0.506155303030303 0.689873417721519 0.052083333333333336 0.1189873417721519
0 0.4053030303030303 0.5360759493670886 0.0946969696969697 0.12025316455696203
0 0.40672348484848486 0.6170886075949367 0.04640151515151515 0.0949367088607595
0 0.37642045454545453 0.6746835443037975 0.04261363636363636 0.11392405063291139
0 0.32954545454545453 0.03164556962025317 0.04924242424242424 0.05822784810126582
0 0.35700757575757575 0.008227848101265823 0.028409090909090908 0.013924050632911392
0 0.36174242424242425 0.1259493670886076 0.10037878787878787 0.12531645569620253
0 0.5033143939393939 0.23607594936708862 0.052083333333333336 0.16835443037974684
0 0.5795454545454546 0.31518987341772153 0.07007575757575757 0.060759493670886074
0 0.23958333333333334 0.6056962025316456 0.054924242424242424 0.09240506329113925
0 0.3660037878787879 0.5810126582278481 0.048295454545454544 0.07341772151898734
0 0.37073863636363635 0.07721518987341772 0.05397727272727273 0.05822784810126582
0 0.4237689393939394 0.024683544303797468 0.10511363636363637 0.04430379746835443
0 0.3418560606060606 0.7367088607594937 0.058712121212121215 0.05063291139240506
0 0.4114583333333333 0.370253164556962 0.036931818181818184 0.08734177215189873
0 0.3053977272727273 0.36645569620253166 0.036931818181818184 0.06455696202531645
0 0.2708333333333333 0.34746835443037977 0.03598484848484849 0.11265822784810127
0 0.24242424242424243 0.5082278481012659 0.043560606060606064 0.10506329113924051
0 0.3574810606060606 0.3778481012658228 0.06723484848484848 0.05189873417721519
0 0.5255681818181818 0.7468354430379747 0.043560606060606064 0.043037974683544304
0 0.2708333333333333 0.5917721518987342 0.07386363636363637 0.11265822784810127
0 0.2859848484848485 0.2683544303797468 0.09090909090909091 0.10886075949367088
0 0.3972537878787879 0.05949367088607595 0.08996212121212122 0.08860759493670886
0 0.34611742424242425 0.4506329113924051 0.061553030303030304 0.189873417721519
0 0.25946969696969696 0.48481012658227846 0.07575757575757576 0.1518987341772152
0 0.3565340909090909 0.3322784810126582 0.08238636363636363 0.049367088607594936
0 0.3338068181818182 0.20126582278481012 0.04071969696969697 0.1569620253164557
0 0.4090909090909091 0.6651898734177215 0.045454545454545456 0.18860759493670887
0 0.3262310606060606 0.5645569620253165 0.027462121212121212 0.043037974683544304
0 0.41950757575757575 0.5512658227848102 0.056818181818181816 0.0670886075949367
0 0.3300189393939394 0.6392405063291139 0.05587121212121212 0.1189873417721519
0 0.2760416666666667 0.11139240506329114 0.038825757575757576 0.13924050632911392
0 0.34801136363636365 0.6025316455696202 0.038825757575757576 0.07341772151898734
0 0.29545454545454547 0.20063291139240505 0.03409090909090909 0.07974683544303797
0 0.24005681818181818 0.6734177215189874 0.036931818181818184 0.0759493670886076
0 0.4512310606060606 0.609493670886076 0.036931818181818184 0.15316455696202533
0 0.5525568181818182 0.05 0.11079545454545454 0.05189873417721519
0 0.4393939393939394 0.4278481012658228 0.08522727272727272 0.17721518987341772
0 0.5667613636363636 0.6746835443037975 0.06912878787878787 0.17721518987341772
0 0.3797348484848485 0.45569620253164556 0.03977272727272727 0.11645569620253164
0 0.2803030303030303 0.4879746835443038 0.056818181818181816 0.1860759493670886
0 0.29261363636363635 0.043670886075949364 0.056818181818181816 0.08227848101265822
0 0.48200757575757575 0.5645569620253165 0.03598484848484849 0.1848101265822785
0 0.30823863636363635 0.1208860759493671 0.035037878787878785 0.06962025316455696
0 0.3740530303030303 0.24620253164556963 0.07954545454545454 0.12278481012658228
0 0.42992424242424243 0.22531645569620254 0.04734848484848485 0.1848101265822785
