0 0.2959280303030303 0.4481012658227848 0.09375 0.1670886075949367
0 0.2916666666666667 0.6715189873417722 0.08712121212121213 0.14303797468354432
0 0.6065340909090909 0.14430379746835442 0.04450757575757576 0.07341772151898734
0 0.2694128787878788 0.7037974683544304 0.06912878787878787 0.10632911392405063
0 0.3991477272727273 0.0620253164556962 0.05587121212121212 0.10379746835443038
0 0.5435606060606061 0.4588607594936709 0.045454545454545456 0.13037974683544304
0 0.3934659090909091 0.12784810126582277 0.07670454545454546 0.11645569620253164
0 0.27698863636363635 0.056962025316455694 0.036931818181818184 0.10886075949367088
0 0.33948863636363635 0.5987341772151898 0.048295454545454544 0.1848101265822785
0 0.3399621212121212 0.03164556962025317 0.032196969696969696 0.05822784810126582
0 0.36884469696969696 0.3512658227848101 0.12215909090909091 0.05949367088607595
0 0.3721590909090909 0.04113924050632911 0.03598484848484849 0.07721518987341772
0 0.568655303030303 0.07721518987341772 0.12215909090909091 0.053164556962025315
0 0.3125 0.1518987341772152 0.06628787878787878 0.06835443037974684
0 0.5454545454545454 0.27848101265822783 0.07007575757575757 0.06835443037974684
0 0.2840909090909091 0.5284810126582279 0.06818181818181818 0.07215189873417721
0 0.2821969696969697 0.21455696202531646 0.03787878787878788 0.15316455696202533
0 0.3503787878787879 0.25126582278481013 0.04924242424242424 0.14303797468354432
0 0.27698863636363635 0.6012658227848101 0.08806818181818182 0.11392405063291139
0 0.33238636363636365 0.43734177215189873 0.07196969696969698 0.11265822784810127
0 0.34611742424242425 0.10506329113924051 0.036931818181818184 0.08354430379746836
0 0.5184659090909091 0.6145569620253165 0.07670454545454546 0.11518987341772152
0 0.3896780303030303 0.589240506329114 0.06723484848484848 0.14303797468354432
0 0.39204545454545453 0.47341772151898737 0.06628787878787878 0.1518987341772152
0 0.31202651515151514 0.09113924050632911 0.05397727272727273 0.05822784810126582
0 0.2585227272727273 0.46645569620253163 0.08522727272727272 0.07974683544303797
0 0.5866477272727273 0.4620253164556962 0.06534090909090909 0.17721518987341772
0 0.2774621212121212 0.32151898734177214 0.07007575757575757 0.06329113924050633
0 0.3091856060606061 0.03670886075949367 0.04261363636363636 0.06835443037974684
0 0.32386363636363635 0.25126582278481013 0.045454545454545456 0.1379746835443038
0 0.3262310606060606 0.379746835443038 0.11458333333333333 0.0759493670886076
0 0.584280303030303 0.6265822784810127 0.054924242424242424 0.1341772151898734
0 0.43323863636363635 0.01139240506329114 0.029356060606060608 0.017721518987341773
0 0.46448863636363635 0.19177215189873417 0.04261363636363636 0.13037974683544304
0 0.4947916666666667 0.048734177215189876 0.036931818181818184 0.09240506329113925
