0 0.32765151515151514 0.21645569620253163 0.030303030303030304 0.060759493670886074
0 0.4512310606060606 0.36075949367088606 0.08049242424242424 0.06835443037974684
0 0.2599431818181818 0.709493670886076 0.048295454545454544 0.08987341772151898
0 0.42329545454545453 0.18354430379746836 0.08901515151515152 0.09620253164556962
0 0.5222537878787878 0.580379746835443 0.052083333333333336 0.06455696202531645
0 0.2708333333333333 0.10949367088607595 0.03787878787878788 0.14556962025316456
0 0.4256628787878788 0.11075949367088607 0.06534090909090909 0.10506329113924051
0 0.43607954545454547 0.6360759493670886 0.0634469696969697 0.15063291139240506
0 0.3484848484848485 0.15126582278481013 0.10037878787878787 0.09746835443037975
0 0.33617424242424243 0.007594936708860759 0.028409090909090908 0.010126582278481013
0 0.40767045454545453 0.3943037974683544 0.027462121212121212 0.03670886075949367
0 0.2509469696969697 0.5721518987341773 0.058712121212121215 0.19746835443037974
0 0.3125 0.3848101265822785 0.05113636363636364 0.07341772151898734
0 0.37263257575757575 0.23607594936708862 0.019886363636363636 0.07974683544303797
0 0.375 0.6822784810126582 0.07386363636363637 0.12658227848101267
0 0.4597537878787879 0.024683544303797468 0.038825757575757576 0.04430379746835443
0 0.4588068181818182 0.5234177215189874 0.04261363636363636 0.1759493670886076
0 0.29071969696969696 0.5879746835443038 0.07386363636363637 0.21139240506329113
0 0.27888257575757575 0.3056962025316456 0.023674242424242424 0.07721518987341772
0 0.43323863636363635 0.05443037974683544 0.06912878787878787 0.10379746835443038
0 0.48390151515151514 0.4689873417721519 0.03787878787878788 0.10759493670886076
0 0.5160984848484849 0.40443037974683543 0.043560606060606064 0.1810126582278481
0 0.3470643939393939 0.25126582278481013 0.04261363636363636 0.15316455696202533
0 0.3153409090909091 0.519620253164557 0.09090909090909091 0.14050632911392405
0 0.3778409090909091 0.4531645569620253 0.08333333333333333 0.15443037974683543
0 0.23958333333333334 0.5044303797468355 0.03598484848484849 0.0620253164556962
0 0.4043560606060606 0.29620253164556964 0.08143939393939394 0.060759493670886074
0 0.27698863636363635 0.6911392405063291 0.05776515151515151 0.08354430379746836
0 0.3077651515151515 0.2810126582278481 0.03977272727272727 0.14936708860759493
0 0.43986742424242425 0.7443037974683544 0.04071969696969697 0.043037974683544304
0 0.5629734848484849 0.5101265822784811 0.04450757575757576 0.09113924050632911
0 0.4346590909090909 0.13037974683544304 0.08333333333333333 0.14177215189873418
0 0.3039772727272727 0.6556962025316456 0.045454545454545456 0.08607594936708861
0 0.2618371212121212 0.20759493670886076 0.052083333333333336 0.05822784810126582
0 0.33428030303030304 0.10822784810126582 0.08712121212121213 0.06455696202531645
0 0.3503787878787879 0.3677215189873418 0.045454545454545456 0.049367088607594936
0 0.21875 0.6841772151898734 0.03598484848484849 0.12784810126582277
0 0.3821022727272727 0.38164556962025314 0.03125 0.02911392405063291
0 0.506155303030303 0.0310126582278481 0.06912878787878787 0.056962025316455694
0 0.35984848484848486 0.02278481012658228 0.03977272727272727 0.04050632911392405
0 0.421875 0.2417721518987342 0.09753787878787878 0.11392405063291139
0 0.38304924242424243 0.5 0.0634469696969697 0.15949367088607594
0 0.28267045454545453 0.3930379746835443 0.05965909090909091 0.11012658227848102
0 0.3560606060606061 0.6215189873417721 0.0946969696969697 0.0759493670886076
0 0.32670454545454547 0.06455696202531645 0.08522727272727272 0.07088607594936709
0 0.25426136363636365 0.4215189873417722 0.04640151515151515 0.09873417721518987
0 0.37926136363636365 0.7316455696202532 0.08617424242424243 0.06329113924050633
0 0.34375 0.43924050632911393 0.058712121212121215 0.09367088607594937
0 0.3001893939393939 0.016455696202531647 0.045454545454545456 0.027848101265822784
0 0.6017992424242424 0.7158227848101266 0.09753787878787878 0.08481012658227848
0 0.5203598484848485 0.6341772151898735 0.08428030303030302 0.08860759493670886
0 0.4228219696969697 0.46962025316455697 0.048295454545454544 0.11139240506329114
0 0.3854166666666667 0.03860759493670886 0.032196969696969696 0.07215189873417721
0 0.3783143939393939 0.31772151898734174 0.08238636363636363 0.11392405063291139
0 0.2675189393939394 0.2670886075949367 0.050189393939393936 0.10126582278481013
0 0.33049242424242425 0.6974683544303798 0.0946969696969697 0.1189873417721519
0 0.4071969696969697 0.5487341772151899 0.056818181818181816 0.0670886075949367
