0 0.30823863636363635 0.7259493670886076 0.061553030303030304 0.06962025316455696
0 0.39488636363636365 0.7462025316455696 0.045454545454545456 0.03670886075949367
0 0.3465909090909091 0.13544303797468354 0.14772727272727273 0.05063291139240506
0 0.2722537878787879 0.7278481012658228 0.035037878787878785 0.05569620253164557
0 0.32386363636363635 0.013291139240506329 0.032196969696969696 0.021518987341772152
0 0.34801136363636365 0.35822784810126584 0.12026515151515152 0.07848101265822785
0 0.35179924242424243 0.06455696202531645 0.050189393939393936 0.08860759493670886
0 0.4095643939393939 0.5392405063291139 0.04640151515151515 0.12151898734177215
0 0.26515151515151514 0.6227848101265823 0.03787878787878788 0.15443037974683543
0 0.3503787878787879 0.24620253164556963 0.08901515151515152 0.08734177215189873
0 0.5104166666666666 0.4607594936708861 0.06628787878787878 0.189873417721519
0 0.3224431818181818 0.4670886075949367 0.036931818181818184 0.10632911392405063
0 0.4483901515151515 0.03734177215189873 0.048295454545454544 0.06962025316455696
0 0.3214962121212121 0.5753164556962025 0.08049242424242424 0.08734177215189873
0 0.35700757575757575 0.6158227848101265 0.06818181818181818 0.06455696202531645
0 0.3134469696969697 0.060759493670886074 0.04734848484848485 0.09367088607594937
0 0.33570075757575757 0.18164556962025316 0.07859848484848485 0.056962025316455694
0 0.37926136363636365 0.7126582278481013 0.07670454545454546 0.09620253164556962
0 0.32670454545454547 0.6670886075949367 0.08333333333333333 0.09367088607594937
0 0.2850378787878788 0.2069620253164557 0.03598484848484849 0.07215189873417721
0 0.4914772727272727 0.6632911392405063 0.08901515151515152 0.1189873417721519
0 0.3712121212121212 0.043037974683544304 0.05113636363636364 0.0810126582278481
0 0.42803030303030304 0.24430379746835443 0.11553030303030302 0.11645569620253164
0 0.40482954545454547 0.04556962025316456 0.035037878787878785 0.08607594936708861
0 0.2708333333333333 0.31329113924050633 0.06818181818181818 0.17341772151898735
0 0.6041666666666666 0.2272151898734177 0.056818181818181816 0.16582278481012658
