0 0.3366477272727273 0.029746835443037974 0.07102272727272728 0.05443037974683544
0 0.5236742424242424 0.3740506329113924 0.05303030303030303 0.05443037974683544
0 0.48390151515151514 0.10506329113924051 0.12310606060606061 0.060759493670886074
0 0.2959280303030303 0.6822784810126582 0.061553030303030304 0.05822784810126582
0 0.4133522727272727 0.10063291139240506 0.05397727272727273 0.13037974683544304
0 0.4715909090909091 0.6170886075949367 0.054924242424242424 0.12531645569620253
0 0.3934659090909091 0.7227848101265822 0.11837121212121213 0.053164556962025315
0 0.40198863636363635 0.6544303797468355 0.09564393939393939 0.17721518987341772
0 0.3678977272727273 0.7050632911392405 0.08996212121212122 0.0810126582278481
0 0.3153409090909091 0.06962025316455696 0.09090909090909091 0.04810126582278481
0 0.3678977272727273 0.4360759493670886 0.061553030303030304 0.12278481012658228
0 0.4559659090909091 0.5025316455696203 0.08428030303030302 0.1240506329113924
0 0.2987689393939394 0.18734177215189873 0.017992424242424244 0.06582278481012659
0 0.37073863636363635 0.08924050632911393 0.07859848484848485 0.11265822784810127
0 0.4090909090909091 0.3620253164556962 0.13636363636363635 0.05822784810126582
0 0.4005681818181818 0.7556962025316456 0.03409090909090909 0.020253164556962026
0 0.25426136363636365 0.6905063291139241 0.04071969696969697 0.10506329113924051
0 0.26515151515151514 0.5525316455696202 0.06060606060606061 0.10506329113924051
0 0.34422348484848486 0.6132911392405064 0.038825757575757576 0.12025316455696203
0 0.4412878787878788 0.4 0.10984848484848485 0.07848101265822785
0 0.3172348484848485 0.48670886075949366 0.045454545454545456 0.08987341772151898
0 0.4966856060606061 0.01139240506329114 0.04071969696969697 0.017721518987341773
0 0.25142045454545453 0.4177215189873418 0.035037878787878785 0.05063291139240506
0 0.29071969696969696 0.11708860759493671 0.08333333333333333 0.05443037974683544
0 0.2765151515151515 0.5879746835443038 0.09659090909090909 0.16075949367088607
0 0.3143939393939394 0.2588607594936709 0.07765151515151515 0.0670886075949367
0 0.42613636363636365 0.6689873417721519 0.05113636363636364 0.05189873417721519
0 0.3196022727272727 0.5462025316455696 0.09753787878787878 0.12278481012658228
0 0.3991477272727273 0.5234177215189874 0.07291666666666667 0.16075949367088607
0 0.5516098484848485 0.021518987341772152 0.038825757575757576 0.0379746835443038
0 0.33948863636363635 0.6829113924050633 0.14678030303030304 0.05949367088607595
0 0.2571022727272727 0.1778481012658228 0.027462121212121212 0.056962025316455694
0 0.3328598484848485 0.41455696202531644 0.027462121212121212 0.07215189873417721
0 0.31392045454545453 0.14810126582278482 0.04071969696969697 0.189873417721519
0 0.5459280303030303 0.6556962025316456 0.10700757575757576 0.08607594936708861
0 0.3527462121212121 0.20949367088607596 0.038825757575757576 0.1379746835443038
0 0.28929924242424243 0.17848101265822786 0.036931818181818184 0.0810126582278481
0 0.2883522727272727 0.439873417721519 0.04071969696969697 0.15063291139240506
0 0.25142045454545453 0.47468354430379744 0.035037878787878785 0.0759493670886076
0 0.3134469696969697 0.39556962025316456 0.028409090909090908 0.09240506329113925
0 0.24289772727272727 0.34556962025316457 0.03314393939393939 0.05063291139240506
0 0.5392992424242424 0.5354430379746835 0.08617424242424243 0.07341772151898734
0 0.40198863636363635 0.30063291139240506 0.24526515151515152 0.07974683544303797
0 0.29640151515151514 0.026582278481012658 0.08143939393939394 0.04810126582278481
0 0.39015151515151514 0.021518987341772152 0.03598484848484849 0.0379746835443038
0 0.38920454545454547 0.23481012658227848 0.03977272727272727 0.16329113924050634
0 0.2608901515151515 0.23481012658227848 0.061553030303030304 0.11518987341772152
0 0.42992424242424243 0.24430379746835443 0.045454545454545456 0.14430379746835442
0 0.27698863636363635 0.37278481012658227 0.038825757575757576 0.07974683544303797
0 0.3039772727272727 0.7424050632911392 0.08143939393939394 0.03417721518987342
0 0.3198674242424242 0.31406329113924053 0.14731060606060606 0.05344303797468354
