0 0.48863636363636365 0.46455696202531643 0.06060606060606061 0.11645569620253164
0 0.28882575757575757 0.7018987341772152 0.03787878787878788 0.0949367088607595
0 0.43892045454545453 0.013291139240506329 0.050189393939393936 0.021518987341772152
0 0.5227272727272727 0.23860759493670886 0.043560606060606064 0.056962025316455694
0 0.4114583333333333 0.7088607594936709 0.09943181818181818 0.11392405063291139
0 0.34801136363636365 0.709493670886076 0.07481060606060606 0.07721518987341772
0 0.2911931818181818 0.046202531645569624 0.036931818181818184 0.08227848101265822
0 0.2585227272727273 0.6841772151898734 0.03409090909090909 0.056962025316455694
0 0.43607954545454547 0.5734177215189873 0.07102272727272728 0.05569620253164557
0 0.4678030303030303 0.670253164556962 0.041666666666666664 0.1379746835443038
0 0.40861742424242425 0.49430379746835446 0.07291666666666667 0.0949367088607595
0 0.24952651515151514 0.6088607594936709 0.05965909090909091 0.1291139240506329
0 0.29734848484848486 0.2670886075949367 0.05113636363636364 0.14430379746835442
0 0.30634469696969696 0.5101265822784811 0.038825757575757576 0.13670886075949368
0 0.5255681818181818 0.35632911392405064 0.054924242424242424 0.1810126582278481
0 0.3660037878787879 0.39936708860759496 0.050189393939393936 0.11772151898734177
0 0.29545454545454547 0.6120253164556962 0.07575757575757576 0.12025316455696203
0 0.38115530303030304 0.043670886075949364 0.04071969696969697 0.08227848101265822
0 0.3428030303030303 0.5759493670886076 0.03977272727272727 0.1620253164556962
0 0.3503787878787879 0.4670886075949367 0.06060606060606061 0.09113924050632911
0 0.3172348484848485 0.21012658227848102 0.045454545454545456 0.11645569620253164
0 0.4256628787878788 0.6487341772151899 0.04450757575757576 0.0949367088607595
0 0.3409090909090909 0.3120253164556962 0.03598484848484849 0.13037974683544304
0 0.5260416666666666 0.03164556962025317 0.07859848484848485 0.05822784810126582
0 0.3527462121212121 0.17405063291139242 0.038825757575757576 0.13037974683544304
0 0.3972537878787879 0.36645569620253166 0.08049242424242424 0.14303797468354432
0 0.2978219696969697 0.11962025316455696 0.07102272727272728 0.0670886075949367
0 0.27320075757575757 0.4936708860759494 0.04071969696969697 0.11139240506329114
0 0.2627840909090909 0.4208860759493671 0.052083333333333336 0.05949367088607595
0 0.4815340909090909 0.01708860759493671 0.048295454545454544 0.02911392405063291
0 0.3787878787878788 0.22278481012658227 0.041666666666666664 0.1569620253164557
0 0.27320075757575757 0.2968354430379747 0.07102272727272728 0.14303797468354432
0 0.45265151515151514 0.08670886075949367 0.045454545454545456 0.04683544303797468
0 0.38115530303030304 0.5784810126582278 0.04071969696969697 0.1518987341772152
0 0.3072916666666667 0.7386075949367089 0.048295454545454544 0.04177215189873418
